 --- 30.09.2023 23:00:02 --- 
XML Developer: zemform

Шадрино

 ... Пропускаем участок: Шадрино: участок 250
 ... Пропускаем участок: Шадрино: участок 251
 ... Пропускаем участок: Шадрино: участок 252
 ... Пропускаем участок: Шадрино: участок 253
 ... Пропускаем участок: Шадрино: участок 254
 ... Пропускаем участок: Шадрино: участок 258

Участки в фиде:
 - Свободно: 11
 - Продано: 256
 - Технический: 12

Игнатово


Участки в фиде:
 - Свободно: 1
 - Продано: 193
 - Технический: 1

Флора-Парк-2


Участки в фиде:
 - Свободно: 0
 - Продано: 153
 - Технический: 0

Пахра Ривер Парк

 ... Пропускаем участок: Пахра Ривер Парк: участок 60
 ... Пропускаем участок: Пахра Ривер Парк: участок 62
 ... Пропускаем участок: Пахра Ривер Парк: участок 64
 ... Пропускаем участок: Пахра Ривер Парк: участок 65
 ... Пропускаем участок: Пахра Ривер Парк: участок 66
 ... Пропускаем участок: Пахра Ривер Парк: участок 67
 ... Пропускаем участок: Пахра Ривер Парк: участок 70
 ... Пропускаем участок: Пахра Ривер Парк: участок 77
 ... Пропускаем участок: Пахра Ривер Парк: участок 82
 ... Пропускаем участок: Пахра Ривер Парк: участок 84
 ... Пропускаем участок: Пахра Ривер Парк: участок 85
 ... Пропускаем участок: Пахра Ривер Парк: участок 86
 ... Пропускаем участок: Пахра Ривер Парк: участок 87
 ... Пропускаем участок: Пахра Ривер Парк: участок 131
 ... Пропускаем участок: Пахра Ривер Парк: участок 132
 ... Пропускаем участок: Пахра Ривер Парк: участок 133
 ... Пропускаем участок: Пахра Ривер Парк: участок 134
 ... Пропускаем участок: Пахра Ривер Парк: участок 135
 ... Пропускаем участок: Пахра Ривер Парк: участок 136
 ... Пропускаем участок: Пахра Ривер Парк: участок 137
 ... Пропускаем участок: Пахра Ривер Парк: участок 138
 ... Пропускаем участок: Пахра Ривер Парк: участок 139
 ... Пропускаем участок: Пахра Ривер Парк: участок 140
 ... Пропускаем участок: Пахра Ривер Парк: участок 144
 ... Пропускаем участок: Пахра Ривер Парк: участок 145
 ... Пропускаем участок: Пахра Ривер Парк: участок 146
 ... Пропускаем участок: Пахра Ривер Парк: участок 147
 ... Пропускаем участок: Пахра Ривер Парк: участок 148
 ... Пропускаем участок: Пахра Ривер Парк: участок 149
 ... Пропускаем участок: Пахра Ривер Парк: участок 151
 ... Пропускаем участок: Пахра Ривер Парк: участок 152
 ... Пропускаем участок: Пахра Ривер Парк: участок 153
 ... Пропускаем участок: Пахра Ривер Парк: участок 154
 ... Пропускаем участок: Пахра Ривер Парк: участок 155
 ... Пропускаем участок: Пахра Ривер Парк: участок 156
 ... Пропускаем участок: Пахра Ривер Парк: участок 157
 ... Пропускаем участок: Пахра Ривер Парк: участок 158
 ... Пропускаем участок: Пахра Ривер Парк: участок 159
 ... Пропускаем участок: Пахра Ривер Парк: участок 160
 ... Пропускаем участок: Пахра Ривер Парк: участок 161
 ... Пропускаем участок: Пахра Ривер Парк: участок 162
 ... Пропускаем участок: Пахра Ривер Парк: участок 163
 ... Пропускаем участок: Пахра Ривер Парк: участок 164
 ... Пропускаем участок: Пахра Ривер Парк: участок 165
 ... Пропускаем участок: Пахра Ривер Парк: участок 166
 ... Пропускаем участок: Пахра Ривер Парк: участок 169
 ... Пропускаем участок: Пахра Ривер Парк: участок 170
 ... Пропускаем участок: Пахра Ривер Парк: участок 171
 ... Пропускаем участок: Пахра Ривер Парк: участок 172
 ... Пропускаем участок: Пахра Ривер Парк: участок 173
 ... Пропускаем участок: Пахра Ривер Парк: участок 174
 ... Пропускаем участок: Пахра Ривер Парк: участок 175
 ... Пропускаем участок: Пахра Ривер Парк: участок 177
 ... Пропускаем участок: Пахра Ривер Парк: участок 185
 ... Пропускаем участок: Пахра Ривер Парк: участок 186
 ... Пропускаем участок: Пахра Ривер Парк: участок 187
 ... Пропускаем участок: Пахра Ривер Парк: участок 188
 ... Пропускаем участок: Пахра Ривер Парк: участок 189
 ... Пропускаем участок: Пахра Ривер Парк: участок 191
 ... Пропускаем участок: Пахра Ривер Парк: участок 192
 ... Пропускаем участок: Пахра Ривер Парк: участок 193
 ... Пропускаем участок: Пахра Ривер Парк: участок 194
 ... Пропускаем участок: Пахра Ривер Парк: участок 195
 ... Пропускаем участок: Пахра Ривер Парк: участок 196
 ... Пропускаем участок: Пахра Ривер Парк: участок 197
 ... Пропускаем участок: Пахра Ривер Парк: участок 198
 ... Пропускаем участок: Пахра Ривер Парк: участок 199
 ... Пропускаем участок: Пахра Ривер Парк: участок 200
 ... Пропускаем участок: Пахра Ривер Парк: участок 201
 ... Пропускаем участок: Пахра Ривер Парк: участок 202
 ... Пропускаем участок: Пахра Ривер Парк: участок 203
 ... Пропускаем участок: Пахра Ривер Парк: участок 204
 ... Пропускаем участок: Пахра Ривер Парк: участок 205
 ... Пропускаем участок: Пахра Ривер Парк: участок 206
 ... Пропускаем участок: Пахра Ривер Парк: участок 207
 ... Пропускаем участок: Пахра Ривер Парк: участок 208
 ... Пропускаем участок: Пахра Ривер Парк: участок 210
 ... Пропускаем участок: Пахра Ривер Парк: участок 211
 ... Пропускаем участок: Пахра Ривер Парк: участок 212
 ... Пропускаем участок: Пахра Ривер Парк: участок 213
 ... Пропускаем участок: Пахра Ривер Парк: участок 214
 ... Пропускаем участок: Пахра Ривер Парк: участок 215
 ... Пропускаем участок: Пахра Ривер Парк: участок 216
 ... Пропускаем участок: Пахра Ривер Парк: участок 217
 ... Пропускаем участок: Пахра Ривер Парк: участок 218
 ... Пропускаем участок: Пахра Ривер Парк: участок 219
 ... Пропускаем участок: Пахра Ривер Парк: участок 220
 ... Пропускаем участок: Пахра Ривер Парк: участок 221
 ... Пропускаем участок: Пахра Ривер Парк: участок 222
 ... Пропускаем участок: Пахра Ривер Парк: участок 223
 ... Пропускаем участок: Пахра Ривер Парк: участок 224
 ... Пропускаем участок: Пахра Ривер Парк: участок 225
 ... Пропускаем участок: Пахра Ривер Парк: участок 228
 ... Пропускаем участок: Пахра Ривер Парк: участок 229
 ... Пропускаем участок: Пахра Ривер Парк: участок 231
 ... Пропускаем участок: Пахра Ривер Парк: участок 232
 ... Пропускаем участок: Пахра Ривер Парк: участок 233
 ... Пропускаем участок: Пахра Ривер Парк: участок 234
 ... Пропускаем участок: Пахра Ривер Парк: участок 235
 ... Пропускаем участок: Пахра Ривер Парк: участок 236
 ... Пропускаем участок: Пахра Ривер Парк: участок 237
 ... Пропускаем участок: Пахра Ривер Парк: участок 247
 ... Пропускаем участок: Пахра Ривер Парк: участок 248
 ... Пропускаем участок: Пахра Ривер Парк: участок 249
 ... Пропускаем участок: Пахра Ривер Парк: участок 250
 ... Пропускаем участок: Пахра Ривер Парк: участок 251
 ... Пропускаем участок: Пахра Ривер Парк: участок 252
 ... Пропускаем участок: Пахра Ривер Парк: участок 253
 ... Пропускаем участок: Пахра Ривер Парк: участок 254
 ... Пропускаем участок: Пахра Ривер Парк: участок 255
 ... Пропускаем участок: Пахра Ривер Парк: участок 256
 ... Пропускаем участок: Пахра Ривер Парк: участок 257
 ... Пропускаем участок: Пахра Ривер Парк: участок 258
 ... Пропускаем участок: Пахра Ривер Парк: участок 259
 ... Пропускаем участок: Пахра Ривер Парк: участок 263
 ... Пропускаем участок: Пахра Ривер Парк: участок 265
 ... Пропускаем участок: Пахра Ривер Парк: участок 266
 ... Пропускаем участок: Пахра Ривер Парк: участок 267
 ... Пропускаем участок: Пахра Ривер Парк: участок 268
 ... Пропускаем участок: Пахра Ривер Парк: участок 269
 ... Пропускаем участок: Пахра Ривер Парк: участок 270
 ... Пропускаем участок: Пахра Ривер Парк: участок 274
 ... Пропускаем участок: Пахра Ривер Парк: участок 275
 ... Пропускаем участок: Пахра Ривер Парк: участок 276
 ... Пропускаем участок: Пахра Ривер Парк: участок 277
 ... Пропускаем участок: Пахра Ривер Парк: участок 287
 ... Пропускаем участок: Пахра Ривер Парк: участок 290
 ... Пропускаем участок: Пахра Ривер Парк: участок 291
 ... Пропускаем участок: Пахра Ривер Парк: участок 292
 ... Пропускаем участок: Пахра Ривер Парк: участок 339
 ... Пропускаем участок: Пахра Ривер Парк: участок 340
 ... Пропускаем участок: Пахра Ривер Парк: участок 341
 ... Пропускаем участок: Пахра Ривер Парк: участок 342
 ... Пропускаем участок: Пахра Ривер Парк: участок 343
 ... Пропускаем участок: Пахра Ривер Парк: участок 344
 ... Пропускаем участок: Пахра Ривер Парк: участок 345
 ... Пропускаем участок: Пахра Ривер Парк: участок 346
 ... Пропускаем участок: Пахра Ривер Парк: участок 347
 ... Пропускаем участок: Пахра Ривер Парк: участок 348
 ... Пропускаем участок: Пахра Ривер Парк: участок 349
 ... Пропускаем участок: Пахра Ривер Парк: участок 350
 ... Пропускаем участок: Пахра Ривер Парк: участок 351
 ... Пропускаем участок: Пахра Ривер Парк: участок 352
 ... Пропускаем участок: Пахра Ривер Парк: участок 353
 ... Пропускаем участок: Пахра Ривер Парк: участок 354
 ... Пропускаем участок: Пахра Ривер Парк: участок 355
 ... Пропускаем участок: Пахра Ривер Парк: участок 356
 ... Пропускаем участок: Пахра Ривер Парк: участок 357
 ... Пропускаем участок: Пахра Ривер Парк: участок 358
 ... Пропускаем участок: Пахра Ривер Парк: участок 359
 ... Пропускаем участок: Пахра Ривер Парк: участок 360
 ... Пропускаем участок: Пахра Ривер Парк: участок 361
 ... Пропускаем участок: Пахра Ривер Парк: участок 363
 ... Пропускаем участок: Пахра Ривер Парк: участок 364
 ... Пропускаем участок: Пахра Ривер Парк: участок 365
 ... Пропускаем участок: Пахра Ривер Парк: участок 366
 ... Пропускаем участок: Пахра Ривер Парк: участок 367
 ... Пропускаем участок: Пахра Ривер Парк: участок 368
 ... Пропускаем участок: Пахра Ривер Парк: участок 369
 ... Пропускаем участок: Пахра Ривер Парк: участок 370
 ... Пропускаем участок: Пахра Ривер Парк: участок 371
 ... Пропускаем участок: Пахра Ривер Парк: участок 372
 ... Пропускаем участок: Пахра Ривер Парк: участок 373
 ... Пропускаем участок: Пахра Ривер Парк: участок 374
 ... Пропускаем участок: Пахра Ривер Парк: участок 375
 ... Пропускаем участок: Пахра Ривер Парк: участок 376
 ... Пропускаем участок: Пахра Ривер Парк: участок 377
 ... Пропускаем участок: Пахра Ривер Парк: участок 378
 ... Пропускаем участок: Пахра Ривер Парк: участок 379
 ... Пропускаем участок: Пахра Ривер Парк: участок 380
 ... Пропускаем участок: Пахра Ривер Парк: участок 415
 ... Пропускаем участок: Пахра Ривер Парк: участок 416
 ... Пропускаем участок: Пахра Ривер Парк: участок 417
 ... Пропускаем участок: Пахра Ривер Парк: участок 418
 ... Пропускаем участок: Пахра Ривер Парк: участок 419
 ... Пропускаем участок: Пахра Ривер Парк: участок 420
 ... Пропускаем участок: Пахра Ривер Парк: участок 421
 ... Пропускаем участок: Пахра Ривер Парк: участок 422
 ... Пропускаем участок: Пахра Ривер Парк: участок 423
 ... Пропускаем участок: Пахра Ривер Парк: участок 424
 ... Пропускаем участок: Пахра Ривер Парк: участок 425
 ... Пропускаем участок: Пахра Ривер Парк: участок 426
 ... Пропускаем участок: Пахра Ривер Парк: участок 427
 ... Пропускаем участок: Пахра Ривер Парк: участок 428
 ... Пропускаем участок: Пахра Ривер Парк: участок 429
 ... Пропускаем участок: Пахра Ривер Парк: участок 430
 ... Пропускаем участок: Пахра Ривер Парк: участок 431
 ... Пропускаем участок: Пахра Ривер Парк: участок 432
 ... Пропускаем участок: Пахра Ривер Парк: участок 433

Участки в фиде:
 - Свободно: 203
 - Продано: 85
 - Технический: 172

Новое Борилово

 ... Пропускаем участок: Новое Борилово: участок 35
 ... Пропускаем участок: Новое Борилово: участок 40
 ... Пропускаем участок: Новое Борилово: участок 41
 ... Пропускаем участок: Новое Борилово: участок 42
 ... Пропускаем участок: Новое Борилово: участок 43
 ... Пропускаем участок: Новое Борилово: участок 44
 ... Пропускаем участок: Новое Борилово: участок 45
 ... Пропускаем участок: Новое Борилово: участок 46
 ... Пропускаем участок: Новое Борилово: участок 47
 ... Пропускаем участок: Новое Борилово: участок 48
 ... Пропускаем участок: Новое Борилово: участок 50
 ... Пропускаем участок: Новое Борилово: участок 51
 ... Пропускаем участок: Новое Борилово: участок 52
 ... Пропускаем участок: Новое Борилово: участок 53
 ... Пропускаем участок: Новое Борилово: участок 57
 ... Пропускаем участок: Новое Борилово: участок 58
 ... Пропускаем участок: Новое Борилово: участок 59
 ... Пропускаем участок: Новое Борилово: участок 60
 ... Пропускаем участок: Новое Борилово: участок 61
 ... Пропускаем участок: Новое Борилово: участок 62
 ... Пропускаем участок: Новое Борилово: участок 63
 ... Пропускаем участок: Новое Борилово: участок 64
 ... Пропускаем участок: Новое Борилово: участок 65
 ... Пропускаем участок: Новое Борилово: участок 77
 ... Пропускаем участок: Новое Борилово: участок 78
 ... Пропускаем участок: Новое Борилово: участок 79
 ... Пропускаем участок: Новое Борилово: участок 80
 ... Пропускаем участок: Новое Борилово: участок 81
 ... Пропускаем участок: Новое Борилово: участок 82
 ... Пропускаем участок: Новое Борилово: участок 83
 ... Пропускаем участок: Новое Борилово: участок 94
 ... Пропускаем участок: Новое Борилово: участок 95
 ... Пропускаем участок: Новое Борилово: участок 96
 ... Пропускаем участок: Новое Борилово: участок 97
 ... Пропускаем участок: Новое Борилово: участок 98
 ... Пропускаем участок: Новое Борилово: участок 103
 ... Пропускаем участок: Новое Борилово: участок 107
 ... Пропускаем участок: Новое Борилово: участок 117
 ... Пропускаем участок: Новое Борилово: участок 118
 ... Пропускаем участок: Новое Борилово: участок 119
 ... Пропускаем участок: Новое Борилово: участок 120
 ... Пропускаем участок: Новое Борилово: участок 121
 ... Пропускаем участок: Новое Борилово: участок 122
 ... Пропускаем участок: Новое Борилово: участок 123
 ... Пропускаем участок: Новое Борилово: участок 124
 ... Пропускаем участок: Новое Борилово: участок 125
 ... Пропускаем участок: Новое Борилово: участок 126
 ... Пропускаем участок: Новое Борилово: участок 127
 ... Пропускаем участок: Новое Борилово: участок 128
 ... Пропускаем участок: Новое Борилово: участок 130
 ... Пропускаем участок: Новое Борилово: участок 131
 ... Пропускаем участок: Новое Борилово: участок 132

Участки в фиде:
 - Свободно: 61
 - Продано: 37
 - Технический: 42

ЭкоКвартал Раздолье

 ... Пропускаем участок: ЭкоКвартал Раздолье: участок 699
 ... Пропускаем участок: ЭкоКвартал Раздолье: участок 700
 ... Пропускаем участок: ЭкоКвартал Раздолье: участок 769
 ... Пропускаем участок: ЭкоКвартал Раздолье: участок 803
 ... Пропускаем участок: ЭкоКвартал Раздолье: участок 807
 ... Пропускаем участок: ЭкоКвартал Раздолье: участок 808
 ... Пропускаем участок: ЭкоКвартал Раздолье: участок 809
 ... Пропускаем участок: ЭкоКвартал Раздолье: участок 810
 ... Пропускаем участок: ЭкоКвартал Раздолье: участок 811
 ... Пропускаем участок: ЭкоКвартал Раздолье: участок 812
 ... Пропускаем участок: ЭкоКвартал Раздолье: участок 813
 ... Пропускаем участок: ЭкоКвартал Раздолье: участок 836
 ... Пропускаем участок: ЭкоКвартал Раздолье: участок 837
 ... Пропускаем участок: ЭкоКвартал Раздолье: участок 841
 ... Пропускаем участок: ЭкоКвартал Раздолье: участок 842
 ... Пропускаем участок: ЭкоКвартал Раздолье: участок 843
 ... Пропускаем участок: ЭкоКвартал Раздолье: участок 844
 ... Пропускаем участок: ЭкоКвартал Раздолье: участок 845
 ... Пропускаем участок: ЭкоКвартал Раздолье: участок 847
 ... Пропускаем участок: ЭкоКвартал Раздолье: участок 848
 ... Пропускаем участок: ЭкоКвартал Раздолье: участок 849
 ... Пропускаем участок: ЭкоКвартал Раздолье: участок 850
 ... Пропускаем участок: ЭкоКвартал Раздолье: участок 851
 ... Пропускаем участок: ЭкоКвартал Раздолье: участок 856
 ... Пропускаем участок: ЭкоКвартал Раздолье: участок 857
 ... Пропускаем участок: ЭкоКвартал Раздолье: участок 858
 ... Пропускаем участок: ЭкоКвартал Раздолье: участок 859
 ... Пропускаем участок: ЭкоКвартал Раздолье: участок 952
 ... Пропускаем участок: ЭкоКвартал Раздолье: участок 953
 ... Пропускаем участок: ЭкоКвартал Раздолье: участок 954
 ... Пропускаем участок: ЭкоКвартал Раздолье: участок 979
 ... Пропускаем участок: ЭкоКвартал Раздолье: участок 981
 ... Пропускаем участок: ЭкоКвартал Раздолье: участок 982
 ... Пропускаем участок: ЭкоКвартал Раздолье: участок 988
 ... Пропускаем участок: ЭкоКвартал Раздолье: участок 1026
 ... Пропускаем участок: ЭкоКвартал Раздолье: участок 1075
 ... Пропускаем участок: ЭкоКвартал Раздолье: участок 1076
 ... Пропускаем участок: ЭкоКвартал Раздолье: участок 1128
 ... Пропускаем участок: ЭкоКвартал Раздолье: участок 1130
 ... Пропускаем участок: ЭкоКвартал Раздолье: участок 1132
 ... Пропускаем участок: ЭкоКвартал Раздолье: участок 1133
 ... Пропускаем участок: ЭкоКвартал Раздолье: участок 1271
 ... Пропускаем участок: ЭкоКвартал Раздолье: участок 1274
 ... Пропускаем участок: ЭкоКвартал Раздолье: участок 1278
 ... Пропускаем участок: ЭкоКвартал Раздолье: участок 1284
 ... Пропускаем участок: ЭкоКвартал Раздолье: участок 1285
 ... Пропускаем участок: ЭкоКвартал Раздолье: участок 1286
 ... Пропускаем участок: ЭкоКвартал Раздолье: участок 1298
 ... Пропускаем участок: ЭкоКвартал Раздолье: участок 1300
 ... Пропускаем участок: ЭкоКвартал Раздолье: участок 1301
 ... Пропускаем участок: ЭкоКвартал Раздолье: участок 1302
 ... Пропускаем участок: ЭкоКвартал Раздолье: участок 1307
 ... Пропускаем участок: ЭкоКвартал Раздолье: участок 1308
 ... Пропускаем участок: ЭкоКвартал Раздолье: участок 1309
 ... Пропускаем участок: ЭкоКвартал Раздолье: участок 1310

Участки в фиде:
 - Свободно: 79
 - Продано: 1213
 - Технический: 45




Обновляем поселок: 
 - Участков продано: 67
 - Участков в продаже: 0

Участки в фиде:
 - Свободно: 0
 - Продано: 67
 - Технический: 0

Хомутово


Участки в фиде:
 - Свободно: 0
 - Продано: 195
 - Технический: 0

Южный парк

 ... Пропускаем участок: Южный парк: участок 232
 ... Пропускаем участок: Южный парк: участок 481
 ... Пропускаем участок: Южный парк: участок 482
 ... Пропускаем участок: Южный парк: участок 490
 ... Пропускаем участок: Южный парк: участок 491
 ... Пропускаем участок: Южный парк: участок 492
 ... Пропускаем участок: Южный парк: участок 497
 ... Пропускаем участок: Южный парк: участок 498
 ... Пропускаем участок: Южный парк: участок 500
 ... Пропускаем участок: Южный парк: участок 504
 ... Пропускаем участок: Южный парк: участок 512
 ... Пропускаем участок: Южный парк: участок 524
 ... Пропускаем участок: Южный парк: участок 525
 ... Пропускаем участок: Южный парк: участок 564
 ... Пропускаем участок: Южный парк: участок 565
 ... Пропускаем участок: Южный парк: участок 566
 ... Пропускаем участок: Южный парк: участок 567
 ... Пропускаем участок: Южный парк: участок 568
 ... Пропускаем участок: Южный парк: участок 569
 ... Пропускаем участок: Южный парк: участок 570
 ... Пропускаем участок: Южный парк: участок 571
 ... Пропускаем участок: Южный парк: участок 572
 ... Пропускаем участок: Южный парк: участок 573
 ... Пропускаем участок: Южный парк: участок 574
 ... Пропускаем участок: Южный парк: участок 575
 ... Пропускаем участок: Южный парк: участок 576
 ... Пропускаем участок: Южный парк: участок 577
 ... Пропускаем участок: Южный парк: участок 578
 ... Пропускаем участок: Южный парк: участок 579
 ... Пропускаем участок: Южный парк: участок 580
 ... Пропускаем участок: Южный парк: участок 581
 ... Пропускаем участок: Южный парк: участок 401.1
 ... Пропускаем участок: Южный парк: участок 403
 ... Пропускаем участок: Южный парк: участок 403.1
 ... Пропускаем участок: Южный парк: участок 404.1
 ... Пропускаем участок: Южный парк: участок 407.1
 ... Пропускаем участок: Южный парк: участок 407.2
 ... Пропускаем участок: Южный парк: участок 408.1
 ... Пропускаем участок: Южный парк: участок 513
 ... Пропускаем участок: Южный парк: участок 514
 ... Пропускаем участок: Южный парк: участок 515
 ... Пропускаем участок: Южный парк: участок 516
 ... Пропускаем участок: Южный парк: участок 517
 ... Пропускаем участок: Южный парк: участок 518
 ... Пропускаем участок: Южный парк: участок 519
 ... Пропускаем участок: Южный парк: участок 520
 ... Пропускаем участок: Южный парк: участок 521
 ... Пропускаем участок: Южный парк: участок 522
 ... Пропускаем участок: Южный парк: участок 523
 ... Пропускаем участок: Южный парк: участок 583
 ... Пропускаем участок: Южный парк: участок 585
 ... Пропускаем участок: Южный парк: участок 586
 ... Пропускаем участок: Южный парк: участок 587
 ... Пропускаем участок: Южный парк: участок 588
 ... Пропускаем участок: Южный парк: участок 589
 ... Пропускаем участок: Южный парк: участок 592
 ... Пропускаем участок: Южный парк: участок 593
 ... Пропускаем участок: Южный парк: участок 597
 ... Пропускаем участок: Южный парк: участок 600
 ... Пропускаем участок: Южный парк: участок 601
 ... Пропускаем участок: Южный парк: участок 602
 ... Пропускаем участок: Южный парк: участок 603
 ... Пропускаем участок: Южный парк: участок 605
 ... Пропускаем участок: Южный парк: участок 606
 ... Пропускаем участок: Южный парк: участок 607
 ... Пропускаем участок: Южный парк: участок 608
 ... Пропускаем участок: Южный парк: участок 609
 ... Пропускаем участок: Южный парк: участок 610
 ... Пропускаем участок: Южный парк: участок 611
 ... Пропускаем участок: Южный парк: участок 612
 ... Пропускаем участок: Южный парк: участок 613
 ... Пропускаем участок: Южный парк: участок 614

Участки в фиде:
 - Свободно: 92
 - Продано: 516
 - Технический: 38

Русавкино-Заречное


Участки в фиде:
 - Свободно: 1
 - Продано: 286
 - Технический: 58

Фаустово

 ... Пропускаем участок: Фаустово: участок 22
 ... Пропускаем участок: Фаустово: участок 69
 ... Пропускаем участок: Фаустово: участок 105
 ... Пропускаем участок: Фаустово: участок 106
 ... Пропускаем участок: Фаустово: участок 111

Участки в фиде:
 - Свободно: 11
 - Продано: 110
 - Технический: 0

Фестиваль


Участки в фиде:
 - Свободно: 0
 - Продано: 383
 - Технический: 218

Калитино

 ... Пропускаем участок: Калитино: участок 85
 ... Пропускаем участок: Калитино: участок 99
 ... Пропускаем участок: Калитино: участок 100
 ... Пропускаем участок: Калитино: участок 101

Участки в фиде:
 - Свободно: 14
 - Продано: 84
 - Технический: 9

Сокольники

 ... Пропускаем участок: Сокольники: участок 14
 ... Пропускаем участок: Сокольники: участок 82

Участки в фиде:
 - Свободно: 8
 - Продано: 73
 - Технический: 1

Назарьево


Участки в фиде:
 - Свободно: 0
 - Продано: 55
 - Технический: 0

Малинки Парк


Участки в фиде:
 - Свободно: 0
 - Продано: 56
 - Технический: 2

Мишутинская слобода


Участки в фиде:
 - Свободно: 9
 - Продано: 276
 - Технический: 0

Рижские зори

 ... Пропускаем участок: Рижские зори: участок 222
 ... Пропускаем участок: Рижские зори: участок 223
 ... Пропускаем участок: Рижские зори: участок 224
 ... Пропускаем участок: Рижские зори: участок 225
 ... Пропускаем участок: Рижские зори: участок 321
 ... Пропускаем участок: Рижские зори: участок 322
 ... Пропускаем участок: Рижские зори: участок 323
 ... Пропускаем участок: Рижские зори: участок 324
 ... Пропускаем участок: Рижские зори: участок 325
 ... Пропускаем участок: Рижские зори: участок 482
 ... Пропускаем участок: Рижские зори: участок 514
 ... Пропускаем участок: Рижские зори: участок 515
 ... Пропускаем участок: Рижские зори: участок 525
 ... Пропускаем участок: Рижские зори: участок 529
 ... Пропускаем участок: Рижские зори: участок 538
 ... Пропускаем участок: Рижские зори: участок 540
 ... Пропускаем участок: Рижские зори: участок 545
 ... Пропускаем участок: Рижские зори: участок 605
 ... Пропускаем участок: Рижские зори: участок 606
 ... Пропускаем участок: Рижские зори: участок 607
 ... Пропускаем участок: Рижские зори: участок 608
 ... Пропускаем участок: Рижские зори: участок 609
 ... Пропускаем участок: Рижские зори: участок 611
 ... Пропускаем участок: Рижские зори: участок 612
 ... Пропускаем участок: Рижские зори: участок 613
 ... Пропускаем участок: Рижские зори: участок 619
 ... Пропускаем участок: Рижские зори: участок 620
 ... Пропускаем участок: Рижские зори: участок 638
 ... Пропускаем участок: Рижские зори: участок 639
 ... Пропускаем участок: Рижские зори: участок 640
 ... Пропускаем участок: Рижские зори: участок 641
 ... Пропускаем участок: Рижские зори: участок 642
 ... Пропускаем участок: Рижские зори: участок 643
 ... Пропускаем участок: Рижские зори: участок 644
 ... Пропускаем участок: Рижские зори: участок 645
 ... Пропускаем участок: Рижские зори: участок 646
 ... Пропускаем участок: Рижские зори: участок 666
 ... Пропускаем участок: Рижские зори: участок 737
 ... Пропускаем участок: Рижские зори: участок 738
 ... Пропускаем участок: Рижские зори: участок 739
 ... Пропускаем участок: Рижские зори: участок 740
 ... Пропускаем участок: Рижские зори: участок 741
 ... Пропускаем участок: Рижские зори: участок 742
 ... Пропускаем участок: Рижские зори: участок 743
 ... Пропускаем участок: Рижские зори: участок 746
 ... Пропускаем участок: Рижские зори: участок 747
 ... Пропускаем участок: Рижские зори: участок 748
 ... Пропускаем участок: Рижские зори: участок 749
 ... Пропускаем участок: Рижские зори: участок 750
 ... Пропускаем участок: Рижские зори: участок 751
 ... Пропускаем участок: Рижские зори: участок 752
 ... Пропускаем участок: Рижские зори: участок 753
 ... Пропускаем участок: Рижские зори: участок 760
 ... Пропускаем участок: Рижские зори: участок 762
 ... Пропускаем участок: Рижские зори: участок 763
 ... Пропускаем участок: Рижские зори: участок 764
 ... Пропускаем участок: Рижские зори: участок 765
 ... Пропускаем участок: Рижские зори: участок 766
 ... Пропускаем участок: Рижские зори: участок 767
 ... Пропускаем участок: Рижские зори: участок 768
 ... Пропускаем участок: Рижские зори: участок 769
 ... Пропускаем участок: Рижские зори: участок 770
 ... Пропускаем участок: Рижские зори: участок 771
 ... Пропускаем участок: Рижские зори: участок 772
 ... Пропускаем участок: Рижские зори: участок 773
 ... Пропускаем участок: Рижские зори: участок 774
 ... Пропускаем участок: Рижские зори: участок 775
 ... Пропускаем участок: Рижские зори: участок 776
 ... Пропускаем участок: Рижские зори: участок 777
 ... Пропускаем участок: Рижские зори: участок 778
 ... Пропускаем участок: Рижские зори: участок 779
 ... Пропускаем участок: Рижские зори: участок 780
 ... Пропускаем участок: Рижские зори: участок 781
 ... Пропускаем участок: Рижские зори: участок 782
 ... Пропускаем участок: Рижские зори: участок 783
 ... Пропускаем участок: Рижские зори: участок 784
 ... Пропускаем участок: Рижские зори: участок 824
 ... Пропускаем участок: Рижские зори: участок 825
 ... Пропускаем участок: Рижские зори: участок 826
 ... Пропускаем участок: Рижские зори: участок 827
 ... Пропускаем участок: Рижские зори: участок 828
 ... Пропускаем участок: Рижские зори: участок 829
 ... Пропускаем участок: Рижские зори: участок 830
 ... Пропускаем участок: Рижские зори: участок 831
 ... Пропускаем участок: Рижские зори: участок 832
 ... Пропускаем участок: Рижские зори: участок 833
 ... Пропускаем участок: Рижские зори: участок 834
 ... Пропускаем участок: Рижские зори: участок 835
 ... Пропускаем участок: Рижские зори: участок 836
 ... Пропускаем участок: Рижские зори: участок 837
 ... Пропускаем участок: Рижские зори: участок 838
 ... Пропускаем участок: Рижские зори: участок 839
 ... Пропускаем участок: Рижские зори: участок 840
 ... Пропускаем участок: Рижские зори: участок 841
 ... Пропускаем участок: Рижские зори: участок 843
 ... Пропускаем участок: Рижские зори: участок 844
 ... Пропускаем участок: Рижские зори: участок 845
 ... Пропускаем участок: Рижские зори: участок 846
 ... Пропускаем участок: Рижские зори: участок 847
 ... Пропускаем участок: Рижские зори: участок 848
 ... Пропускаем участок: Рижские зори: участок 849
 ... Пропускаем участок: Рижские зори: участок 850
 ... Пропускаем участок: Рижские зори: участок 856
 ... Пропускаем участок: Рижские зори: участок 857
 ... Пропускаем участок: Рижские зори: участок 858
 ... Пропускаем участок: Рижские зори: участок 859
 ... Пропускаем участок: Рижские зори: участок 862
 ... Пропускаем участок: Рижские зори: участок 865
 ... Пропускаем участок: Рижские зори: участок 867
 ... Пропускаем участок: Рижские зори: участок 868
 ... Пропускаем участок: Рижские зори: участок 869
 ... Пропускаем участок: Рижские зори: участок 870
 ... Пропускаем участок: Рижские зори: участок 871
 ... Пропускаем участок: Рижские зори: участок 872
 ... Пропускаем участок: Рижские зори: участок 873
 ... Пропускаем участок: Рижские зори: участок 874
 ... Пропускаем участок: Рижские зори: участок 875
 ... Пропускаем участок: Рижские зори: участок 876
 ... Пропускаем участок: Рижские зори: участок 877
 ... Пропускаем участок: Рижские зори: участок 878
 ... Пропускаем участок: Рижские зори: участок 880
 ... Пропускаем участок: Рижские зори: участок 881
 ... Пропускаем участок: Рижские зори: участок 882
 ... Пропускаем участок: Рижские зори: участок 883
 ... Пропускаем участок: Рижские зори: участок 891
 ... Пропускаем участок: Рижские зори: участок 903
 ... Пропускаем участок: Рижские зори: участок 904
 ... Пропускаем участок: Рижские зори: участок 921
 ... Пропускаем участок: Рижские зори: участок 925
 ... Пропускаем участок: Рижские зори: участок 926
 ... Пропускаем участок: Рижские зори: участок 927
 ... Пропускаем участок: Рижские зори: участок 930
 ... Пропускаем участок: Рижские зори: участок 935
 ... Пропускаем участок: Рижские зори: участок 936
 ... Пропускаем участок: Рижские зори: участок 937
 ... Пропускаем участок: Рижские зори: участок 938
 ... Пропускаем участок: Рижские зори: участок 939
 ... Пропускаем участок: Рижские зори: участок 940
 ... Пропускаем участок: Рижские зори: участок 941
 ... Пропускаем участок: Рижские зори: участок 942
 ... Пропускаем участок: Рижские зори: участок 943
 ... Пропускаем участок: Рижские зори: участок 948
 ... Пропускаем участок: Рижские зори: участок 949
 ... Пропускаем участок: Рижские зори: участок 950
 ... Пропускаем участок: Рижские зори: участок 952
 ... Пропускаем участок: Рижские зори: участок 953
 ... Пропускаем участок: Рижские зори: участок 954
 ... Пропускаем участок: Рижские зори: участок 955
 ... Пропускаем участок: Рижские зори: участок 956
 ... Пропускаем участок: Рижские зори: участок 957
 ... Пропускаем участок: Рижские зори: участок 959
 ... Пропускаем участок: Рижские зори: участок 960
 ... Пропускаем участок: Рижские зори: участок 961
 ... Пропускаем участок: Рижские зори: участок 962
 ... Пропускаем участок: Рижские зори: участок 963
 ... Пропускаем участок: Рижские зори: участок 964
 ... Пропускаем участок: Рижские зори: участок 965
 ... Пропускаем участок: Рижские зори: участок 966
 ... Пропускаем участок: Рижские зори: участок 967
 ... Пропускаем участок: Рижские зори: участок 971
 ... Пропускаем участок: Рижские зори: участок 972
 ... Пропускаем участок: Рижские зори: участок 975
 ... Пропускаем участок: Рижские зори: участок 979
 ... Пропускаем участок: Рижские зори: участок 980
 ... Пропускаем участок: Рижские зори: участок 981
 ... Пропускаем участок: Рижские зори: участок 983
 ... Пропускаем участок: Рижские зори: участок 984
 ... Пропускаем участок: Рижские зори: участок 985
 ... Пропускаем участок: Рижские зори: участок 986
 ... Пропускаем участок: Рижские зори: участок 987
 ... Пропускаем участок: Рижские зори: участок 988
 ... Пропускаем участок: Рижские зори: участок 989
 ... Пропускаем участок: Рижские зори: участок 990
 ... Пропускаем участок: Рижские зори: участок 991
 ... Пропускаем участок: Рижские зори: участок 992
 ... Пропускаем участок: Рижские зори: участок 993
 ... Пропускаем участок: Рижские зори: участок 994
 ... Пропускаем участок: Рижские зори: участок 995
 ... Пропускаем участок: Рижские зори: участок 996
 ... Пропускаем участок: Рижские зори: участок 997
 ... Пропускаем участок: Рижские зори: участок 998
 ... Пропускаем участок: Рижские зори: участок 999
 ... Пропускаем участок: Рижские зори: участок 1000
 ... Пропускаем участок: Рижские зори: участок 1001
 ... Пропускаем участок: Рижские зори: участок 1002
 ... Пропускаем участок: Рижские зори: участок 1003
 ... Пропускаем участок: Рижские зори: участок 1004
 ... Пропускаем участок: Рижские зори: участок 1005
 ... Пропускаем участок: Рижские зори: участок 1006
 ... Пропускаем участок: Рижские зори: участок 1007
 ... Пропускаем участок: Рижские зори: участок 1008
 ... Пропускаем участок: Рижские зори: участок 1009
 ... Пропускаем участок: Рижские зори: участок 1010
 ... Пропускаем участок: Рижские зори: участок 1011
 ... Пропускаем участок: Рижские зори: участок 1012
 ... Пропускаем участок: Рижские зори: участок 1013
 ... Пропускаем участок: Рижские зори: участок 1014
 ... Пропускаем участок: Рижские зори: участок 1015
 ... Пропускаем участок: Рижские зори: участок 1016
 ... Пропускаем участок: Рижские зори: участок 1017
 ... Пропускаем участок: Рижские зори: участок 1018
 ... Пропускаем участок: Рижские зори: участок 1019
 ... Пропускаем участок: Рижские зори: участок 1020
 ... Пропускаем участок: Рижские зори: участок 1021
 ... Пропускаем участок: Рижские зори: участок 1023
 ... Пропускаем участок: Рижские зори: участок 1024
 ... Пропускаем участок: Рижские зори: участок 1025
 ... Пропускаем участок: Рижские зори: участок 1026
 ... Пропускаем участок: Рижские зори: участок 1027
 ... Пропускаем участок: Рижские зори: участок 1028
 ... Пропускаем участок: Рижские зори: участок 1029
 ... Пропускаем участок: Рижские зори: участок 1030
 ... Пропускаем участок: Рижские зори: участок 1031
 ... Пропускаем участок: Рижские зори: участок 1032
 ... Пропускаем участок: Рижские зори: участок 1033
 ... Пропускаем участок: Рижские зори: участок 1034
 ... Пропускаем участок: Рижские зори: участок 1035
 ... Пропускаем участок: Рижские зори: участок 1036
 ... Пропускаем участок: Рижские зори: участок 1037
 ... Пропускаем участок: Рижские зори: участок 1038
 ... Пропускаем участок: Рижские зори: участок 1039
 ... Пропускаем участок: Рижские зори: участок 1040
 ... Пропускаем участок: Рижские зори: участок 1041
 ... Пропускаем участок: Рижские зори: участок 1042
 ... Пропускаем участок: Рижские зори: участок 1043
 ... Пропускаем участок: Рижские зори: участок 1044
 ... Пропускаем участок: Рижские зори: участок 1045
 ... Пропускаем участок: Рижские зори: участок 1049
 ... Пропускаем участок: Рижские зори: участок 1050
 ... Пропускаем участок: Рижские зори: участок 1051
 ... Пропускаем участок: Рижские зори: участок 1055
 ... Пропускаем участок: Рижские зори: участок 1056
 ... Пропускаем участок: Рижские зори: участок 1057
 ... Пропускаем участок: Рижские зори: участок 1058
 ... Пропускаем участок: Рижские зори: участок 1059
 ... Пропускаем участок: Рижские зори: участок 1060
 ... Пропускаем участок: Рижские зори: участок 1061
 ... Пропускаем участок: Рижские зори: участок 1062
 ... Пропускаем участок: Рижские зори: участок 1063
 ... Пропускаем участок: Рижские зори: участок 1064
 ... Пропускаем участок: Рижские зори: участок 1065
 ... Пропускаем участок: Рижские зори: участок 1066
 ... Пропускаем участок: Рижские зори: участок 1067
 ... Пропускаем участок: Рижские зори: участок 1068
 ... Пропускаем участок: Рижские зори: участок 1069
 ... Пропускаем участок: Рижские зори: участок 1070
 ... Пропускаем участок: Рижские зори: участок 1071
 ... Пропускаем участок: Рижские зори: участок 1072
 ... Пропускаем участок: Рижские зори: участок 1073
 ... Пропускаем участок: Рижские зори: участок 1074
 ... Пропускаем участок: Рижские зори: участок 1075
 ... Пропускаем участок: Рижские зори: участок 1076
 ... Пропускаем участок: Рижские зори: участок 1077
 ... Пропускаем участок: Рижские зори: участок 1078
 ... Пропускаем участок: Рижские зори: участок 1079
 ... Пропускаем участок: Рижские зори: участок 1080
 ... Пропускаем участок: Рижские зори: участок 1081
 ... Пропускаем участок: Рижские зори: участок 1082
 ... Пропускаем участок: Рижские зори: участок 1083
 ... Пропускаем участок: Рижские зори: участок 1084
 ... Пропускаем участок: Рижские зори: участок 1085
 ... Пропускаем участок: Рижские зори: участок 1086
 ... Пропускаем участок: Рижские зори: участок 1087
 ... Пропускаем участок: Рижские зори: участок 1088
 ... Пропускаем участок: Рижские зори: участок 1089
 ... Пропускаем участок: Рижские зори: участок 1090
 ... Пропускаем участок: Рижские зори: участок 1091
 ... Пропускаем участок: Рижские зори: участок 1092
 ... Пропускаем участок: Рижские зори: участок 1093
 ... Пропускаем участок: Рижские зори: участок 1094
 ... Пропускаем участок: Рижские зори: участок 1095
 ... Пропускаем участок: Рижские зори: участок 1096
 ... Пропускаем участок: Рижские зори: участок 1097
 ... Пропускаем участок: Рижские зори: участок 1098
 ... Пропускаем участок: Рижские зори: участок 1099
 ... Пропускаем участок: Рижские зори: участок 1100
 ... Пропускаем участок: Рижские зори: участок 1101
 ... Пропускаем участок: Рижские зори: участок 1102
 ... Пропускаем участок: Рижские зори: участок 1103
 ... Пропускаем участок: Рижские зори: участок 1104
 ... Пропускаем участок: Рижские зори: участок 1105
 ... Пропускаем участок: Рижские зори: участок 1106
 ... Пропускаем участок: Рижские зори: участок 1107
 ... Пропускаем участок: Рижские зори: участок 1108
 ... Пропускаем участок: Рижские зори: участок 1109
 ... Пропускаем участок: Рижские зори: участок 1110
 ... Пропускаем участок: Рижские зори: участок 1111
 ... Пропускаем участок: Рижские зори: участок 1112
 ... Пропускаем участок: Рижские зори: участок 1113
 ... Пропускаем участок: Рижские зори: участок 1114
 ... Пропускаем участок: Рижские зори: участок 1115
 ... Пропускаем участок: Рижские зори: участок 1116
 ... Пропускаем участок: Рижские зори: участок 1117
 ... Пропускаем участок: Рижские зори: участок 1118
 ... Пропускаем участок: Рижские зори: участок 1119
 ... Пропускаем участок: Рижские зори: участок 1120
 ... Пропускаем участок: Рижские зори: участок 1121
 ... Пропускаем участок: Рижские зори: участок 1122
 ... Пропускаем участок: Рижские зори: участок 1123
 ... Пропускаем участок: Рижские зори: участок 1124
 ... Пропускаем участок: Рижские зори: участок 1125
 ... Пропускаем участок: Рижские зори: участок 1126
 ... Пропускаем участок: Рижские зори: участок 1127
 ... Пропускаем участок: Рижские зори: участок 1129
 ... Пропускаем участок: Рижские зори: участок 1130
 ... Пропускаем участок: Рижские зори: участок 1131
 ... Пропускаем участок: Рижские зори: участок 1132
 ... Пропускаем участок: Рижские зори: участок 1133
 ... Пропускаем участок: Рижские зори: участок 1134
 ... Пропускаем участок: Рижские зори: участок 1135
 ... Пропускаем участок: Рижские зори: участок 1136
 ... Пропускаем участок: Рижские зори: участок 1137
 ... Пропускаем участок: Рижские зори: участок 1138
 ... Пропускаем участок: Рижские зори: участок 1140
 ... Пропускаем участок: Рижские зори: участок 1141
 ... Пропускаем участок: Рижские зори: участок 1142
 ... Пропускаем участок: Рижские зори: участок 1143
 ... Пропускаем участок: Рижские зори: участок 1145
 ... Пропускаем участок: Рижские зори: участок 1146
 ... Пропускаем участок: Рижские зори: участок 1147
 ... Пропускаем участок: Рижские зори: участок 1148
 ... Пропускаем участок: Рижские зори: участок 1149
 ... Пропускаем участок: Рижские зори: участок 1150
 ... Пропускаем участок: Рижские зори: участок 1151
 ... Пропускаем участок: Рижские зори: участок 1153
 ... Пропускаем участок: Рижские зори: участок 1154
 ... Пропускаем участок: Рижские зори: участок 1155
 ... Пропускаем участок: Рижские зори: участок 1156
 ... Пропускаем участок: Рижские зори: участок 1157
 ... Пропускаем участок: Рижские зори: участок 1158
 ... Пропускаем участок: Рижские зори: участок 1159
 ... Пропускаем участок: Рижские зори: участок 1160
 ... Пропускаем участок: Рижские зори: участок 1161
 ... Пропускаем участок: Рижские зори: участок 1162
 ... Пропускаем участок: Рижские зори: участок 1163
 ... Пропускаем участок: Рижские зори: участок 1164
 ... Пропускаем участок: Рижские зори: участок 1165
 ... Пропускаем участок: Рижские зори: участок 1168
 ... Пропускаем участок: Рижские зори: участок 1169
 ... Пропускаем участок: Рижские зори: участок 1170
 ... Пропускаем участок: Рижские зори: участок 1171
 ... Пропускаем участок: Рижские зори: участок 1172
 ... Пропускаем участок: Рижские зори: участок 1173
 ... Пропускаем участок: Рижские зори: участок 1174
 ... Пропускаем участок: Рижские зори: участок 1175
 ... Пропускаем участок: Рижские зори: участок 1176
 ... Пропускаем участок: Рижские зори: участок 1177
 ... Пропускаем участок: Рижские зори: участок 1178
 ... Пропускаем участок: Рижские зори: участок 1179
 ... Пропускаем участок: Рижские зори: участок 1180
 ... Пропускаем участок: Рижские зори: участок 1181
 ... Пропускаем участок: Рижские зори: участок 1182
 ... Пропускаем участок: Рижские зори: участок 1183
 ... Пропускаем участок: Рижские зори: участок 1184
 ... Пропускаем участок: Рижские зори: участок 1186
 ... Пропускаем участок: Рижские зори: участок 1187
 ... Пропускаем участок: Рижские зори: участок 1188
 ... Пропускаем участок: Рижские зори: участок 1189
 ... Пропускаем участок: Рижские зори: участок 1190
 ... Пропускаем участок: Рижские зори: участок 1191
 ... Пропускаем участок: Рижские зори: участок 1193
 ... Пропускаем участок: Рижские зори: участок 1194
 ... Пропускаем участок: Рижские зори: участок 1195
 ... Пропускаем участок: Рижские зори: участок 1196
 ... Пропускаем участок: Рижские зори: участок 1197
 ... Пропускаем участок: Рижские зори: участок 1198
 ... Пропускаем участок: Рижские зори: участок 1199
 ... Пропускаем участок: Рижские зори: участок 1200
 ... Пропускаем участок: Рижские зори: участок 1201
 ... Пропускаем участок: Рижские зори: участок 1202
 ... Пропускаем участок: Рижские зори: участок 1203
 ... Пропускаем участок: Рижские зори: участок 1204
 ... Пропускаем участок: Рижские зори: участок 1205
 ... Пропускаем участок: Рижские зори: участок 1207
 ... Пропускаем участок: Рижские зори: участок 1208
 ... Пропускаем участок: Рижские зори: участок 1209
 ... Пропускаем участок: Рижские зори: участок 1210
 ... Пропускаем участок: Рижские зори: участок 1211
 ... Пропускаем участок: Рижские зори: участок 1212
 ... Пропускаем участок: Рижские зори: участок 1213
 ... Пропускаем участок: Рижские зори: участок 1214
 ... Пропускаем участок: Рижские зори: участок 1215
 ... Пропускаем участок: Рижские зори: участок 1216
 ... Пропускаем участок: Рижские зори: участок 1217
 ... Пропускаем участок: Рижские зори: участок 1218
 ... Пропускаем участок: Рижские зори: участок 1219
 ... Пропускаем участок: Рижские зори: участок 1220
 ... Пропускаем участок: Рижские зори: участок 1221
 ... Пропускаем участок: Рижские зори: участок 1222
 ... Пропускаем участок: Рижские зори: участок 1223
 ... Пропускаем участок: Рижские зори: участок 1227
 ... Пропускаем участок: Рижские зори: участок 1228
 ... Пропускаем участок: Рижские зори: участок 1229
 ... Пропускаем участок: Рижские зори: участок 1230
 ... Пропускаем участок: Рижские зори: участок 1231
 ... Пропускаем участок: Рижские зори: участок 1233
 ... Пропускаем участок: Рижские зори: участок 1234
 ... Пропускаем участок: Рижские зори: участок 1235
 ... Пропускаем участок: Рижские зори: участок 1236
 ... Пропускаем участок: Рижские зори: участок 1237
 ... Пропускаем участок: Рижские зори: участок 1238
 ... Пропускаем участок: Рижские зори: участок 1239
 ... Пропускаем участок: Рижские зори: участок 1240
 ... Пропускаем участок: Рижские зори: участок 1241
 ... Пропускаем участок: Рижские зори: участок 1242
 ... Пропускаем участок: Рижские зори: участок 1243
 ... Пропускаем участок: Рижские зори: участок 1244
 ... Пропускаем участок: Рижские зори: участок 1246
 ... Пропускаем участок: Рижские зори: участок 1247
 ... Пропускаем участок: Рижские зори: участок 1248
 ... Пропускаем участок: Рижские зори: участок 1249
 ... Пропускаем участок: Рижские зори: участок 1251
 ... Пропускаем участок: Рижские зори: участок 1252
 ... Пропускаем участок: Рижские зори: участок 1253
 ... Пропускаем участок: Рижские зори: участок 1254
 ... Пропускаем участок: Рижские зори: участок 1255
 ... Пропускаем участок: Рижские зори: участок 1256
 ... Пропускаем участок: Рижские зори: участок 1257
 ... Пропускаем участок: Рижские зори: участок 1258
 ... Пропускаем участок: Рижские зори: участок 1259
 ... Пропускаем участок: Рижские зори: участок 1260
 ... Пропускаем участок: Рижские зори: участок 1261
 ... Пропускаем участок: Рижские зори: участок 1262
 ... Пропускаем участок: Рижские зори: участок 1263
 ... Пропускаем участок: Рижские зори: участок 1264
 ... Пропускаем участок: Рижские зори: участок 1265
 ... Пропускаем участок: Рижские зори: участок 1266
 ... Пропускаем участок: Рижские зори: участок 1267
 ... Пропускаем участок: Рижские зори: участок 1268
 ... Пропускаем участок: Рижские зори: участок 1269
 ... Пропускаем участок: Рижские зори: участок 1270
 ... Пропускаем участок: Рижские зори: участок 1271
 ... Пропускаем участок: Рижские зори: участок 1272
 ... Пропускаем участок: Рижские зори: участок 1273
 ... Пропускаем участок: Рижские зори: участок 1274
 ... Пропускаем участок: Рижские зори: участок 1275
 ... Пропускаем участок: Рижские зори: участок 1276
 ... Пропускаем участок: Рижские зори: участок 1277
 ... Пропускаем участок: Рижские зори: участок 1278
 ... Пропускаем участок: Рижские зори: участок 1279
 ... Пропускаем участок: Рижские зори: участок 1280
 ... Пропускаем участок: Рижские зори: участок 1281
 ... Пропускаем участок: Рижские зори: участок 1282
 ... Пропускаем участок: Рижские зори: участок 1283
 ... Пропускаем участок: Рижские зори: участок 1284
 ... Пропускаем участок: Рижские зори: участок 1285
 ... Пропускаем участок: Рижские зори: участок 1286
 ... Пропускаем участок: Рижские зори: участок 1287
 ... Пропускаем участок: Рижские зори: участок 1288
 ... Пропускаем участок: Рижские зори: участок 1289
 ... Пропускаем участок: Рижские зори: участок 1290
 ... Пропускаем участок: Рижские зори: участок 1291
 ... Пропускаем участок: Рижские зори: участок 1292
 ... Пропускаем участок: Рижские зори: участок 1293
 ... Пропускаем участок: Рижские зори: участок 1294
 ... Пропускаем участок: Рижские зори: участок 1295
 ... Пропускаем участок: Рижские зори: участок 1296
 ... Пропускаем участок: Рижские зори: участок 1297
 ... Пропускаем участок: Рижские зори: участок 1298
 ... Пропускаем участок: Рижские зори: участок 1299
 ... Пропускаем участок: Рижские зори: участок 1300
 ... Пропускаем участок: Рижские зори: участок 1301
 ... Пропускаем участок: Рижские зори: участок 1302
 ... Пропускаем участок: Рижские зори: участок 1303
 ... Пропускаем участок: Рижские зори: участок 1304
 ... Пропускаем участок: Рижские зори: участок 1305
 ... Пропускаем участок: Рижские зори: участок 1306
 ... Пропускаем участок: Рижские зори: участок 1307
 ... Пропускаем участок: Рижские зори: участок 1308
 ... Пропускаем участок: Рижские зори: участок 1309
 ... Пропускаем участок: Рижские зори: участок 1310
 ... Пропускаем участок: Рижские зори: участок 1311
 ... Пропускаем участок: Рижские зори: участок 1312
 ... Пропускаем участок: Рижские зори: участок 1313
 ... Пропускаем участок: Рижские зори: участок 1314
 ... Пропускаем участок: Рижские зори: участок 1315
 ... Пропускаем участок: Рижские зори: участок 1316
 ... Пропускаем участок: Рижские зори: участок 1317
 ... Пропускаем участок: Рижские зори: участок 1318
 ... Пропускаем участок: Рижские зори: участок 1319
 ... Пропускаем участок: Рижские зори: участок 1320
 ... Пропускаем участок: Рижские зори: участок 1321
 ... Пропускаем участок: Рижские зори: участок 1322
 ... Пропускаем участок: Рижские зори: участок 1323
 ... Пропускаем участок: Рижские зори: участок 1324
 ... Пропускаем участок: Рижские зори: участок 1325
 ... Пропускаем участок: Рижские зори: участок 1326
 ... Пропускаем участок: Рижские зори: участок 1327
 ... Пропускаем участок: Рижские зори: участок 1328
 ... Пропускаем участок: Рижские зори: участок 1329
 ... Пропускаем участок: Рижские зори: участок 1330
 ... Пропускаем участок: Рижские зори: участок 1331
 ... Пропускаем участок: Рижские зори: участок 1332
 ... Пропускаем участок: Рижские зори: участок 1333
 ... Пропускаем участок: Рижские зори: участок 1334
 ... Пропускаем участок: Рижские зори: участок 1335
 ... Пропускаем участок: Рижские зори: участок 1336
 ... Пропускаем участок: Рижские зори: участок 1337
 ... Пропускаем участок: Рижские зори: участок 1338
 ... Пропускаем участок: Рижские зори: участок 1339
 ... Пропускаем участок: Рижские зори: участок 1340
 ... Пропускаем участок: Рижские зори: участок 1341
 ... Пропускаем участок: Рижские зори: участок 1342
 ... Пропускаем участок: Рижские зори: участок 1343
 ... Пропускаем участок: Рижские зори: участок 1344
 ... Пропускаем участок: Рижские зори: участок 1345
 ... Пропускаем участок: Рижские зори: участок 1346
 ... Пропускаем участок: Рижские зори: участок 1347
 ... Пропускаем участок: Рижские зори: участок 1348
 ... Пропускаем участок: Рижские зори: участок 1349
 ... Пропускаем участок: Рижские зори: участок 1350
 ... Пропускаем участок: Рижские зори: участок 1351
 ... Пропускаем участок: Рижские зори: участок 1352
 ... Пропускаем участок: Рижские зори: участок 1353
 ... Пропускаем участок: Рижские зори: участок 1354
 ... Пропускаем участок: Рижские зори: участок 1355
 ... Пропускаем участок: Рижские зори: участок 1356
 ... Пропускаем участок: Рижские зори: участок 1357
 ... Пропускаем участок: Рижские зори: участок 1358
 ... Пропускаем участок: Рижские зори: участок 1359
 ... Пропускаем участок: Рижские зори: участок 1360
 ... Пропускаем участок: Рижские зори: участок 1361
 ... Пропускаем участок: Рижские зори: участок 1362
 ... Пропускаем участок: Рижские зори: участок 1363
 ... Пропускаем участок: Рижские зори: участок 1364
 ... Пропускаем участок: Рижские зори: участок 1365
 ... Пропускаем участок: Рижские зори: участок 1366
 ... Пропускаем участок: Рижские зори: участок 1367
 ... Пропускаем участок: Рижские зори: участок 1368
 ... Пропускаем участок: Рижские зори: участок 1369
 ... Пропускаем участок: Рижские зори: участок 1370
 ... Пропускаем участок: Рижские зори: участок 1371
 ... Пропускаем участок: Рижские зори: участок 1372
 ... Пропускаем участок: Рижские зори: участок 1373
 ... Пропускаем участок: Рижские зори: участок 1374
 ... Пропускаем участок: Рижские зори: участок 1375
 ... Пропускаем участок: Рижские зори: участок 1376
 ... Пропускаем участок: Рижские зори: участок 1377
 ... Пропускаем участок: Рижские зори: участок 1378
 ... Пропускаем участок: Рижские зори: участок 1379
 ... Пропускаем участок: Рижские зори: участок 1380
 ... Пропускаем участок: Рижские зори: участок 1381
 ... Пропускаем участок: Рижские зори: участок 1382
 ... Пропускаем участок: Рижские зори: участок 1383
 ... Пропускаем участок: Рижские зори: участок 1384
 ... Пропускаем участок: Рижские зори: участок 1385
 ... Пропускаем участок: Рижские зори: участок 1386
 ... Пропускаем участок: Рижские зори: участок 1387
 ... Пропускаем участок: Рижские зори: участок 1388
 ... Пропускаем участок: Рижские зори: участок 1389
 ... Пропускаем участок: Рижские зори: участок 1390
 ... Пропускаем участок: Рижские зори: участок 1391
 ... Пропускаем участок: Рижские зори: участок 1392
 ... Пропускаем участок: Рижские зори: участок 1393
 ... Пропускаем участок: Рижские зори: участок 1394
 ... Пропускаем участок: Рижские зори: участок 1395
 ... Пропускаем участок: Рижские зори: участок 1396
 ... Пропускаем участок: Рижские зори: участок 1397
 ... Пропускаем участок: Рижские зори: участок 1398
 ... Пропускаем участок: Рижские зори: участок 1399
 ... Пропускаем участок: Рижские зори: участок 1400
 ... Пропускаем участок: Рижские зори: участок 1401
 ... Пропускаем участок: Рижские зори: участок 1402
 ... Пропускаем участок: Рижские зори: участок 1403
 ... Пропускаем участок: Рижские зори: участок 1404
 ... Пропускаем участок: Рижские зори: участок 1405
 ... Пропускаем участок: Рижские зори: участок 1406
 ... Пропускаем участок: Рижские зори: участок 1407
 ... Пропускаем участок: Рижские зори: участок 1408
 ... Пропускаем участок: Рижские зори: участок 1409
 ... Пропускаем участок: Рижские зори: участок 1410
 ... Пропускаем участок: Рижские зори: участок 1411
 ... Пропускаем участок: Рижские зори: участок 1412
 ... Пропускаем участок: Рижские зори: участок 1413
 ... Пропускаем участок: Рижские зори: участок 1414
 ... Пропускаем участок: Рижские зори: участок 1415
 ... Пропускаем участок: Рижские зори: участок 1416
 ... Пропускаем участок: Рижские зори: участок 1417
 ... Пропускаем участок: Рижские зори: участок 1418
 ... Пропускаем участок: Рижские зори: участок 1420
 ... Пропускаем участок: Рижские зори: участок 1421
 ... Пропускаем участок: Рижские зори: участок 1422
 ... Пропускаем участок: Рижские зори: участок 1423
 ... Пропускаем участок: Рижские зори: участок 1424
 ... Пропускаем участок: Рижские зори: участок 1425
 ... Пропускаем участок: Рижские зори: участок 1426
 ... Пропускаем участок: Рижские зори: участок 1427
 ... Пропускаем участок: Рижские зори: участок 1428
 ... Пропускаем участок: Рижские зори: участок 1429
 ... Пропускаем участок: Рижские зори: участок 1430
 ... Пропускаем участок: Рижские зори: участок 1431
 ... Пропускаем участок: Рижские зори: участок 1432
 ... Пропускаем участок: Рижские зори: участок 1433
 ... Пропускаем участок: Рижские зори: участок 1434
 ... Пропускаем участок: Рижские зори: участок 1435
 ... Пропускаем участок: Рижские зори: участок 1436
 ... Пропускаем участок: Рижские зори: участок 1437
 ... Пропускаем участок: Рижские зори: участок 1438
 ... Пропускаем участок: Рижские зори: участок 1439
 ... Пропускаем участок: Рижские зори: участок 1440
 ... Пропускаем участок: Рижские зори: участок 1441
 ... Пропускаем участок: Рижские зори: участок 1442
 ... Пропускаем участок: Рижские зори: участок 1443
 ... Пропускаем участок: Рижские зори: участок 1444
 ... Пропускаем участок: Рижские зори: участок 1445
 ... Пропускаем участок: Рижские зори: участок 1446
 ... Пропускаем участок: Рижские зори: участок 1447
 ... Пропускаем участок: Рижские зори: участок 1448
 ... Пропускаем участок: Рижские зори: участок 1449
 ... Пропускаем участок: Рижские зори: участок 1450
 ... Пропускаем участок: Рижские зори: участок 1451
 ... Пропускаем участок: Рижские зори: участок 1452
 ... Пропускаем участок: Рижские зори: участок 1453
 ... Пропускаем участок: Рижские зори: участок 1454
 ... Пропускаем участок: Рижские зори: участок 1455
 ... Пропускаем участок: Рижские зори: участок 1456
 ... Пропускаем участок: Рижские зори: участок 1457
 ... Пропускаем участок: Рижские зори: участок 1458
 ... Пропускаем участок: Рижские зори: участок 1459
 ... Пропускаем участок: Рижские зори: участок 1460
 ... Пропускаем участок: Рижские зори: участок 1461
 ... Пропускаем участок: Рижские зори: участок 1462
 ... Пропускаем участок: Рижские зори: участок 1463
 ... Пропускаем участок: Рижские зори: участок 1464
 ... Пропускаем участок: Рижские зори: участок 1465
 ... Пропускаем участок: Рижские зори: участок 1466
 ... Пропускаем участок: Рижские зори: участок 1467
 ... Пропускаем участок: Рижские зори: участок 1468
 ... Пропускаем участок: Рижские зори: участок 1469
 ... Пропускаем участок: Рижские зори: участок 1470
 ... Пропускаем участок: Рижские зори: участок 1471
 ... Пропускаем участок: Рижские зори: участок 1472
 ... Пропускаем участок: Рижские зори: участок 1473
 ... Пропускаем участок: Рижские зори: участок 1474
 ... Пропускаем участок: Рижские зори: участок 1475
 ... Пропускаем участок: Рижские зори: участок 1476
 ... Пропускаем участок: Рижские зори: участок 1477
 ... Пропускаем участок: Рижские зори: участок 1478
 ... Пропускаем участок: Рижские зори: участок 1479
 ... Пропускаем участок: Рижские зори: участок 1480
 ... Пропускаем участок: Рижские зори: участок 1481
 ... Пропускаем участок: Рижские зори: участок 1482
 ... Пропускаем участок: Рижские зори: участок 1483
 ... Пропускаем участок: Рижские зори: участок 1484
 ... Пропускаем участок: Рижские зори: участок 1485
 ... Пропускаем участок: Рижские зори: участок 1486
 ... Пропускаем участок: Рижские зори: участок 1487
 ... Пропускаем участок: Рижские зори: участок 1488
 ... Пропускаем участок: Рижские зори: участок 1489
 ... Пропускаем участок: Рижские зори: участок 1490
 ... Пропускаем участок: Рижские зори: участок 1491
 ... Пропускаем участок: Рижские зори: участок 1492
 ... Пропускаем участок: Рижские зори: участок 1493
 ... Пропускаем участок: Рижские зори: участок 1494
 ... Пропускаем участок: Рижские зори: участок 1495
 ... Пропускаем участок: Рижские зори: участок 1496
 ... Пропускаем участок: Рижские зори: участок 1497
 ... Пропускаем участок: Рижские зори: участок 1498
 ... Пропускаем участок: Рижские зори: участок 1499
 ... Пропускаем участок: Рижские зори: участок 1500
 ... Пропускаем участок: Рижские зори: участок 1501
 ... Пропускаем участок: Рижские зори: участок 1502
 ... Пропускаем участок: Рижские зори: участок 1503
 ... Пропускаем участок: Рижские зори: участок 1504
 ... Пропускаем участок: Рижские зори: участок 1505
 ... Пропускаем участок: Рижские зори: участок 1506
 ... Пропускаем участок: Рижские зори: участок 1507
 ... Пропускаем участок: Рижские зори: участок 1508
 ... Пропускаем участок: Рижские зори: участок 1509
 ... Пропускаем участок: Рижские зори: участок 1510
 ... Пропускаем участок: Рижские зори: участок 1511
 ... Пропускаем участок: Рижские зори: участок 1512
 ... Пропускаем участок: Рижские зори: участок 1513
 ... Пропускаем участок: Рижские зори: участок 1514
 ... Пропускаем участок: Рижские зори: участок 1515
 ... Пропускаем участок: Рижские зори: участок 1516
 ... Пропускаем участок: Рижские зори: участок 1517
 ... Пропускаем участок: Рижские зори: участок 1518
 ... Пропускаем участок: Рижские зори: участок 1519
 ... Пропускаем участок: Рижские зори: участок 1520
 ... Пропускаем участок: Рижские зори: участок 1521
 ... Пропускаем участок: Рижские зори: участок 1522
 ... Пропускаем участок: Рижские зори: участок 1523
 ... Пропускаем участок: Рижские зори: участок 1524
 ... Пропускаем участок: Рижские зори: участок 1525
 ... Пропускаем участок: Рижские зори: участок 1526
 ... Пропускаем участок: Рижские зори: участок 1527
 ... Пропускаем участок: Рижские зори: участок 1528
 ... Пропускаем участок: Рижские зори: участок 1529
 ... Пропускаем участок: Рижские зори: участок 1530
 ... Пропускаем участок: Рижские зори: участок 1531
 ... Пропускаем участок: Рижские зори: участок 1532
 ... Пропускаем участок: Рижские зори: участок 1533
 ... Пропускаем участок: Рижские зори: участок 1534
 ... Пропускаем участок: Рижские зори: участок 1535
 ... Пропускаем участок: Рижские зори: участок 1536
 ... Пропускаем участок: Рижские зори: участок 1537
 ... Пропускаем участок: Рижские зори: участок 1538
 ... Пропускаем участок: Рижские зори: участок 1539
 ... Пропускаем участок: Рижские зори: участок 1540
 ... Пропускаем участок: Рижские зори: участок 1541
 ... Пропускаем участок: Рижские зори: участок 1542
 ... Пропускаем участок: Рижские зори: участок 1543
 ... Пропускаем участок: Рижские зори: участок 1544
 ... Пропускаем участок: Рижские зори: участок 1545
 ... Пропускаем участок: Рижские зори: участок 1546
 ... Пропускаем участок: Рижские зори: участок 1547
 ... Пропускаем участок: Рижские зори: участок 1548
 ... Пропускаем участок: Рижские зори: участок 1549
 ... Пропускаем участок: Рижские зори: участок 1550
 ... Пропускаем участок: Рижские зори: участок 1551
 ... Пропускаем участок: Рижские зори: участок 1552
 ... Пропускаем участок: Рижские зори: участок 1553
 ... Пропускаем участок: Рижские зори: участок 1554
 ... Пропускаем участок: Рижские зори: участок 1555
 ... Пропускаем участок: Рижские зори: участок 1556
 ... Пропускаем участок: Рижские зори: участок 1557
 ... Пропускаем участок: Рижские зори: участок 1558
 ... Пропускаем участок: Рижские зори: участок 1559
 ... Пропускаем участок: Рижские зори: участок 1560
 ... Пропускаем участок: Рижские зори: участок 1561
 ... Пропускаем участок: Рижские зори: участок 1562
 ... Пропускаем участок: Рижские зори: участок 1563
 ... Пропускаем участок: Рижские зори: участок 1564
 ... Пропускаем участок: Рижские зори: участок 1565
 ... Пропускаем участок: Рижские зори: участок 1566
 ... Пропускаем участок: Рижские зори: участок 1567
 ... Пропускаем участок: Рижские зори: участок 1568
 ... Пропускаем участок: Рижские зори: участок 1569
 ... Пропускаем участок: Рижские зори: участок 1570
 ... Пропускаем участок: Рижские зори: участок 1571
 ... Пропускаем участок: Рижские зори: участок 1572
 ... Пропускаем участок: Рижские зори: участок 1573
 ... Пропускаем участок: Рижские зори: участок 1574
 ... Пропускаем участок: Рижские зори: участок 1575
 ... Пропускаем участок: Рижские зори: участок 1576
 ... Пропускаем участок: Рижские зори: участок 1577
 ... Пропускаем участок: Рижские зори: участок 1578
 ... Пропускаем участок: Рижские зори: участок 1579
 ... Пропускаем участок: Рижские зори: участок 1580
 ... Пропускаем участок: Рижские зори: участок 1581
 ... Пропускаем участок: Рижские зори: участок 1582
 ... Пропускаем участок: Рижские зори: участок 1583
 ... Пропускаем участок: Рижские зори: участок 1584
 ... Пропускаем участок: Рижские зори: участок 1585
 ... Пропускаем участок: Рижские зори: участок 1586
 ... Пропускаем участок: Рижские зори: участок 1587
 ... Пропускаем участок: Рижские зори: участок 1588
 ... Пропускаем участок: Рижские зори: участок 1589
 ... Пропускаем участок: Рижские зори: участок 1590
 ... Пропускаем участок: Рижские зори: участок 1591
 ... Пропускаем участок: Рижские зори: участок 1592
 ... Пропускаем участок: Рижские зори: участок 1593
 ... Пропускаем участок: Рижские зори: участок 1594
 ... Пропускаем участок: Рижские зори: участок 1595
 ... Пропускаем участок: Рижские зори: участок 1596
 ... Пропускаем участок: Рижские зори: участок 1597
 ... Пропускаем участок: Рижские зори: участок 1598
 ... Пропускаем участок: Рижские зори: участок 1599
 ... Пропускаем участок: Рижские зори: участок 1600
 ... Пропускаем участок: Рижские зори: участок 1601
 ... Пропускаем участок: Рижские зори: участок 1602
 ... Пропускаем участок: Рижские зори: участок 1603
 ... Пропускаем участок: Рижские зори: участок 1604
 ... Пропускаем участок: Рижские зори: участок 1605
 ... Пропускаем участок: Рижские зори: участок 1606
 ... Пропускаем участок: Рижские зори: участок 1607
 ... Пропускаем участок: Рижские зори: участок 1608
 ... Пропускаем участок: Рижские зори: участок 1609
 ... Пропускаем участок: Рижские зори: участок 1610
 ... Пропускаем участок: Рижские зори: участок 1611
 ... Пропускаем участок: Рижские зори: участок 1612
 ... Пропускаем участок: Рижские зори: участок 1613
 ... Пропускаем участок: Рижские зори: участок 1614
 ... Пропускаем участок: Рижские зори: участок 1615
 ... Пропускаем участок: Рижские зори: участок 1616
 ... Пропускаем участок: Рижские зори: участок 1617
 ... Пропускаем участок: Рижские зори: участок 1618
 ... Пропускаем участок: Рижские зори: участок 1619
 ... Пропускаем участок: Рижские зори: участок 1620
 ... Пропускаем участок: Рижские зори: участок 1621
 ... Пропускаем участок: Рижские зори: участок 1622
 ... Пропускаем участок: Рижские зори: участок 1623
 ... Пропускаем участок: Рижские зори: участок 1624
 ... Пропускаем участок: Рижские зори: участок 1625
 ... Пропускаем участок: Рижские зори: участок 1626
 ... Пропускаем участок: Рижские зори: участок 1627
 ... Пропускаем участок: Рижские зори: участок 1628
 ... Пропускаем участок: Рижские зори: участок 1629
 ... Пропускаем участок: Рижские зори: участок 1630
 ... Пропускаем участок: Рижские зори: участок 1631
 ... Пропускаем участок: Рижские зори: участок 1632
 ... Пропускаем участок: Рижские зори: участок 1633
 ... Пропускаем участок: Рижские зори: участок 1634
 ... Пропускаем участок: Рижские зори: участок 1635
 ... Пропускаем участок: Рижские зори: участок 1636
 ... Пропускаем участок: Рижские зори: участок 1637
 ... Пропускаем участок: Рижские зори: участок 1638
 ... Пропускаем участок: Рижские зори: участок 1639
 ... Пропускаем участок: Рижские зори: участок 1640
 ... Пропускаем участок: Рижские зори: участок 1641
 ... Пропускаем участок: Рижские зори: участок 1642
 ... Пропускаем участок: Рижские зори: участок 1643
 ... Пропускаем участок: Рижские зори: участок 1644
 ... Пропускаем участок: Рижские зори: участок 1645
 ... Пропускаем участок: Рижские зори: участок 1646
 ... Пропускаем участок: Рижские зори: участок 1647
 ... Пропускаем участок: Рижские зори: участок 1648
 ... Пропускаем участок: Рижские зори: участок 1649
 ... Пропускаем участок: Рижские зори: участок 1650
 ... Пропускаем участок: Рижские зори: участок 1651
 ... Пропускаем участок: Рижские зори: участок 1652
 ... Пропускаем участок: Рижские зори: участок 1653
 ... Пропускаем участок: Рижские зори: участок 1654
 ... Пропускаем участок: Рижские зори: участок 1655
 ... Пропускаем участок: Рижские зори: участок 1656
 ... Пропускаем участок: Рижские зори: участок 1657
 ... Пропускаем участок: Рижские зори: участок 1658
 ... Пропускаем участок: Рижские зори: участок 1659
 ... Пропускаем участок: Рижские зори: участок 1660
 ... Пропускаем участок: Рижские зори: участок 1661
 ... Пропускаем участок: Рижские зори: участок 1662
 ... Пропускаем участок: Рижские зори: участок 1663
 ... Пропускаем участок: Рижские зори: участок 1664
 ... Пропускаем участок: Рижские зори: участок 1665
 ... Пропускаем участок: Рижские зори: участок 1666
 ... Пропускаем участок: Рижские зори: участок 1667
 ... Пропускаем участок: Рижские зори: участок 1668
 ... Пропускаем участок: Рижские зори: участок 1669
 ... Пропускаем участок: Рижские зори: участок 1670
 ... Пропускаем участок: Рижские зори: участок 1671
 ... Пропускаем участок: Рижские зори: участок 1672
 ... Пропускаем участок: Рижские зори: участок 1673
 ... Пропускаем участок: Рижские зори: участок 1674
 ... Пропускаем участок: Рижские зори: участок 1675
 ... Пропускаем участок: Рижские зори: участок 1676
 ... Пропускаем участок: Рижские зори: участок 1677
 ... Пропускаем участок: Рижские зори: участок 1678
 ... Пропускаем участок: Рижские зори: участок 1679
 ... Пропускаем участок: Рижские зори: участок 1680
 ... Пропускаем участок: Рижские зори: участок 1681
 ... Пропускаем участок: Рижские зори: участок 1682
 ... Пропускаем участок: Рижские зори: участок 1683
 ... Пропускаем участок: Рижские зори: участок 1684
 ... Пропускаем участок: Рижские зори: участок 1685
 ... Пропускаем участок: Рижские зори: участок 1686
 ... Пропускаем участок: Рижские зори: участок 1687
 ... Пропускаем участок: Рижские зори: участок 1688
 ... Пропускаем участок: Рижские зори: участок 1689
 ... Пропускаем участок: Рижские зори: участок 1690
 ... Пропускаем участок: Рижские зори: участок 1691
 ... Пропускаем участок: Рижские зори: участок 1692
 ... Пропускаем участок: Рижские зори: участок 1693
 ... Пропускаем участок: Рижские зори: участок 1694
 ... Пропускаем участок: Рижские зори: участок 1695
 ... Пропускаем участок: Рижские зори: участок 1696
 ... Пропускаем участок: Рижские зори: участок 1697
 ... Пропускаем участок: Рижские зори: участок 1698
 ... Пропускаем участок: Рижские зори: участок 1699
 ... Пропускаем участок: Рижские зори: участок 1700
 ... Пропускаем участок: Рижские зори: участок 1701
 ... Пропускаем участок: Рижские зори: участок 1702
 ... Пропускаем участок: Рижские зори: участок 1703
 ... Пропускаем участок: Рижские зори: участок 1704
 ... Пропускаем участок: Рижские зори: участок 1705
 ... Пропускаем участок: Рижские зори: участок 1706
 ... Пропускаем участок: Рижские зори: участок 1707
 ... Пропускаем участок: Рижские зори: участок 1708
 ... Пропускаем участок: Рижские зори: участок 1709
 ... Пропускаем участок: Рижские зори: участок 1710
 ... Пропускаем участок: Рижские зори: участок 1711
 ... Пропускаем участок: Рижские зори: участок 1712
 ... Пропускаем участок: Рижские зори: участок 1713
 ... Пропускаем участок: Рижские зори: участок 1714
 ... Пропускаем участок: Рижские зори: участок 1715
 ... Пропускаем участок: Рижские зори: участок 1716
 ... Пропускаем участок: Рижские зори: участок 1717
 ... Пропускаем участок: Рижские зори: участок 1718
 ... Пропускаем участок: Рижские зори: участок 1719
 ... Пропускаем участок: Рижские зори: участок 1720
 ... Пропускаем участок: Рижские зори: участок 1721
 ... Пропускаем участок: Рижские зори: участок 1722
 ... Пропускаем участок: Рижские зори: участок 1723
 ... Пропускаем участок: Рижские зори: участок 1724
 ... Пропускаем участок: Рижские зори: участок 1725
 ... Пропускаем участок: Рижские зори: участок 1726
 ... Пропускаем участок: Рижские зори: участок 1727
 ... Пропускаем участок: Рижские зори: участок 1728
 ... Пропускаем участок: Рижские зори: участок 1729
 ... Пропускаем участок: Рижские зори: участок 1730
 ... Пропускаем участок: Рижские зори: участок 1731
 ... Пропускаем участок: Рижские зори: участок 1732
 ... Пропускаем участок: Рижские зори: участок 1733
 ... Пропускаем участок: Рижские зори: участок 1734
 ... Пропускаем участок: Рижские зори: участок 1735
 ... Пропускаем участок: Рижские зори: участок 1736
 ... Пропускаем участок: Рижские зори: участок 1737
 ... Пропускаем участок: Рижские зори: участок 1738
 ... Пропускаем участок: Рижские зори: участок 1739
 ... Пропускаем участок: Рижские зори: участок 1740
 ... Пропускаем участок: Рижские зори: участок 1741
 ... Пропускаем участок: Рижские зори: участок 1742
 ... Пропускаем участок: Рижские зори: участок 1743
 ... Пропускаем участок: Рижские зори: участок 1744
 ... Пропускаем участок: Рижские зори: участок 1745
 ... Пропускаем участок: Рижские зори: участок 1746
 ... Пропускаем участок: Рижские зори: участок 1747
 ... Пропускаем участок: Рижские зори: участок 1748
 ... Пропускаем участок: Рижские зори: участок 1749
 ... Пропускаем участок: Рижские зори: участок 1750
 ... Пропускаем участок: Рижские зори: участок 1751
 ... Пропускаем участок: Рижские зори: участок 1752
 ... Пропускаем участок: Рижские зори: участок 1753
 ... Пропускаем участок: Рижские зори: участок 1754
 ... Пропускаем участок: Рижские зори: участок 1755
 ... Пропускаем участок: Рижские зори: участок 1756
 ... Пропускаем участок: Рижские зори: участок 1757
 ... Пропускаем участок: Рижские зори: участок 1758
 ... Пропускаем участок: Рижские зори: участок 1759
 ... Пропускаем участок: Рижские зори: участок 1760
 ... Пропускаем участок: Рижские зори: участок 1761
 ... Пропускаем участок: Рижские зори: участок 1762
 ... Пропускаем участок: Рижские зори: участок 1763
 ... Пропускаем участок: Рижские зори: участок 1764
 ... Пропускаем участок: Рижские зори: участок 1765
 ... Пропускаем участок: Рижские зори: участок 1766
 ... Пропускаем участок: Рижские зори: участок 1767
 ... Пропускаем участок: Рижские зори: участок 1768
 ... Пропускаем участок: Рижские зори: участок 1769
 ... Пропускаем участок: Рижские зори: участок 1770
 ... Пропускаем участок: Рижские зори: участок 1771
 ... Пропускаем участок: Рижские зори: участок 1772
 ... Пропускаем участок: Рижские зори: участок 1773
 ... Пропускаем участок: Рижские зори: участок 1774
 ... Пропускаем участок: Рижские зори: участок 1775
 ... Пропускаем участок: Рижские зори: участок 1776
 ... Пропускаем участок: Рижские зори: участок 1777
 ... Пропускаем участок: Рижские зори: участок 1778
 ... Пропускаем участок: Рижские зори: участок 1779
 ... Пропускаем участок: Рижские зори: участок 1780
 ... Пропускаем участок: Рижские зори: участок 1781
 ... Пропускаем участок: Рижские зори: участок 1782
 ... Пропускаем участок: Рижские зори: участок 1783
 ... Пропускаем участок: Рижские зори: участок 1784
 ... Пропускаем участок: Рижские зори: участок 1785
 ... Пропускаем участок: Рижские зори: участок 1786
 ... Пропускаем участок: Рижские зори: участок 1787
 ... Пропускаем участок: Рижские зори: участок 1788
 ... Пропускаем участок: Рижские зори: участок 1789
 ... Пропускаем участок: Рижские зори: участок 1790
 ... Пропускаем участок: Рижские зори: участок 1791
 ... Пропускаем участок: Рижские зори: участок 1792
 ... Пропускаем участок: Рижские зори: участок 1793
 ... Пропускаем участок: Рижские зори: участок 1794
 ... Пропускаем участок: Рижские зори: участок 1795
 ... Пропускаем участок: Рижские зори: участок 1796
 ... Пропускаем участок: Рижские зори: участок 1797
 ... Пропускаем участок: Рижские зори: участок 1798
 ... Пропускаем участок: Рижские зори: участок 1799
 ... Пропускаем участок: Рижские зори: участок 1800
 ... Пропускаем участок: Рижские зори: участок 1801
 ... Пропускаем участок: Рижские зори: участок 1802
 ... Пропускаем участок: Рижские зори: участок 1803
 ... Пропускаем участок: Рижские зори: участок 1809
 ... Пропускаем участок: Рижские зори: участок 1810
 ... Пропускаем участок: Рижские зори: участок 1811
 ... Пропускаем участок: Рижские зори: участок 1812
 ... Пропускаем участок: Рижские зори: участок 1813
 ... Пропускаем участок: Рижские зори: участок 1814
 ... Пропускаем участок: Рижские зори: участок 1815
 ... Пропускаем участок: Рижские зори: участок 1816
 ... Пропускаем участок: Рижские зори: участок 1817
 ... Пропускаем участок: Рижские зори: участок 1818
 ... Пропускаем участок: Рижские зори: участок 1819
 ... Пропускаем участок: Рижские зори: участок 1820
 ... Пропускаем участок: Рижские зори: участок 1821
 ... Пропускаем участок: Рижские зори: участок 1822
 ... Пропускаем участок: Рижские зори: участок 1823
 ... Пропускаем участок: Рижские зори: участок 1824
 ... Пропускаем участок: Рижские зори: участок 1825
 ... Пропускаем участок: Рижские зори: участок 1826
 ... Пропускаем участок: Рижские зори: участок 1827
 ... Пропускаем участок: Рижские зори: участок 1828
 ... Пропускаем участок: Рижские зори: участок 1829
 ... Пропускаем участок: Рижские зори: участок 1830
 ... Пропускаем участок: Рижские зори: участок 1831
 ... Пропускаем участок: Рижские зори: участок 1832
 ... Пропускаем участок: Рижские зори: участок 1833
 ... Пропускаем участок: Рижские зори: участок 1834
 ... Пропускаем участок: Рижские зори: участок 1835
 ... Пропускаем участок: Рижские зори: участок 1836
 ... Пропускаем участок: Рижские зори: участок 1837
 ... Пропускаем участок: Рижские зори: участок 1838
 ... Пропускаем участок: Рижские зори: участок 1839
 ... Пропускаем участок: Рижские зори: участок 1840
 ... Пропускаем участок: Рижские зори: участок 1841
 ... Пропускаем участок: Рижские зори: участок 1843
 ... Пропускаем участок: Рижские зори: участок 1844
 ... Пропускаем участок: Рижские зори: участок 1845
 ... Пропускаем участок: Рижские зори: участок 1846
 ... Пропускаем участок: Рижские зори: участок 1847
 ... Пропускаем участок: Рижские зори: участок 1848
 ... Пропускаем участок: Рижские зори: участок 1849
 ... Пропускаем участок: Рижские зори: участок 1850
 ... Пропускаем участок: Рижские зори: участок 1851
 ... Пропускаем участок: Рижские зори: участок 1852
 ... Пропускаем участок: Рижские зори: участок 1853
 ... Пропускаем участок: Рижские зори: участок 1854
 ... Пропускаем участок: Рижские зори: участок 1855
 ... Пропускаем участок: Рижские зори: участок 1856
 ... Пропускаем участок: Рижские зори: участок 1857
 ... Пропускаем участок: Рижские зори: участок 1858
 ... Пропускаем участок: Рижские зори: участок 1859
 ... Пропускаем участок: Рижские зори: участок 1860
 ... Пропускаем участок: Рижские зори: участок 1861
 ... Пропускаем участок: Рижские зори: участок 1862
 ... Пропускаем участок: Рижские зори: участок 1863
 ... Пропускаем участок: Рижские зори: участок 1864
 ... Пропускаем участок: Рижские зори: участок 1865
 ... Пропускаем участок: Рижские зори: участок 1866
 ... Пропускаем участок: Рижские зори: участок 1867
 ... Пропускаем участок: Рижские зори: участок 1868
 ... Пропускаем участок: Рижские зори: участок 1869
 ... Пропускаем участок: Рижские зори: участок 1870
 ... Пропускаем участок: Рижские зори: участок 1872
 ... Пропускаем участок: Рижские зори: участок 1873
 ... Пропускаем участок: Рижские зори: участок 1874
 ... Пропускаем участок: Рижские зори: участок 1875
 ... Пропускаем участок: Рижские зори: участок 1876
 ... Пропускаем участок: Рижские зори: участок 1877
 ... Пропускаем участок: Рижские зори: участок 1878
 ... Пропускаем участок: Рижские зори: участок 1879
 ... Пропускаем участок: Рижские зори: участок 1880
 ... Пропускаем участок: Рижские зори: участок 1881
 ... Пропускаем участок: Рижские зори: участок 1882
 ... Пропускаем участок: Рижские зори: участок 1883
 ... Пропускаем участок: Рижские зори: участок 1884
 ... Пропускаем участок: Рижские зори: участок 1885
 ... Пропускаем участок: Рижские зори: участок 1886
 ... Пропускаем участок: Рижские зори: участок 1887
 ... Пропускаем участок: Рижские зори: участок 1888
 ... Пропускаем участок: Рижские зори: участок 1889
 ... Пропускаем участок: Рижские зори: участок 1890
 ... Пропускаем участок: Рижские зори: участок 1891
 ... Пропускаем участок: Рижские зори: участок 1892
 ... Пропускаем участок: Рижские зори: участок 1893
 ... Пропускаем участок: Рижские зори: участок 1894
 ... Пропускаем участок: Рижские зори: участок 1895
 ... Пропускаем участок: Рижские зори: участок 1896
 ... Пропускаем участок: Рижские зори: участок 1897
 ... Пропускаем участок: Рижские зори: участок 1898
 ... Пропускаем участок: Рижские зори: участок 1899
 ... Пропускаем участок: Рижские зори: участок 1901
 ... Пропускаем участок: Рижские зори: участок 1902
 ... Пропускаем участок: Рижские зори: участок 1903
 ... Пропускаем участок: Рижские зори: участок 1904
 ... Пропускаем участок: Рижские зори: участок 1905
 ... Пропускаем участок: Рижские зори: участок 1906
 ... Пропускаем участок: Рижские зори: участок 1907
 ... Пропускаем участок: Рижские зори: участок 1908
 ... Пропускаем участок: Рижские зори: участок 1909
 ... Пропускаем участок: Рижские зори: участок 1910
 ... Пропускаем участок: Рижские зори: участок 1911
 ... Пропускаем участок: Рижские зори: участок 1912
 ... Пропускаем участок: Рижские зори: участок 1913
 ... Пропускаем участок: Рижские зори: участок 1914
 ... Пропускаем участок: Рижские зори: участок 1915
 ... Пропускаем участок: Рижские зори: участок 1916
 ... Пропускаем участок: Рижские зори: участок 1923
 ... Пропускаем участок: Рижские зори: участок 1924
 ... Пропускаем участок: Рижские зори: участок 1925
 ... Пропускаем участок: Рижские зори: участок 1932
 ... Пропускаем участок: Рижские зори: участок 1933
 ... Пропускаем участок: Рижские зори: участок 1934
 ... Пропускаем участок: Рижские зори: участок 1935
 ... Пропускаем участок: Рижские зори: участок 1936
 ... Пропускаем участок: Рижские зори: участок 1937
 ... Пропускаем участок: Рижские зори: участок 1938
 ... Пропускаем участок: Рижские зори: участок 1939
 ... Пропускаем участок: Рижские зори: участок 1940
 ... Пропускаем участок: Рижские зори: участок 1941
 ... Пропускаем участок: Рижские зори: участок 1942
 ... Пропускаем участок: Рижские зори: участок 1943
 ... Пропускаем участок: Рижские зори: участок 1944
 ... Пропускаем участок: Рижские зори: участок 1945
 ... Пропускаем участок: Рижские зори: участок 1946
 ... Пропускаем участок: Рижские зори: участок 1947
 ... Пропускаем участок: Рижские зори: участок 1948
 ... Пропускаем участок: Рижские зори: участок 1949
 ... Пропускаем участок: Рижские зори: участок 1950
 ... Пропускаем участок: Рижские зори: участок 1951
 ... Пропускаем участок: Рижские зори: участок 1952
 ... Пропускаем участок: Рижские зори: участок 1953
 ... Пропускаем участок: Рижские зори: участок 1954
 ... Пропускаем участок: Рижские зори: участок 1955
 ... Пропускаем участок: Рижские зори: участок 1956
 ... Пропускаем участок: Рижские зори: участок 1957
 ... Пропускаем участок: Рижские зори: участок 1958
 ... Пропускаем участок: Рижские зори: участок 1959
 ... Пропускаем участок: Рижские зори: участок 1960
 ... Пропускаем участок: Рижские зори: участок 1961
 ... Пропускаем участок: Рижские зори: участок 1962
 ... Пропускаем участок: Рижские зори: участок 1963
 ... Пропускаем участок: Рижские зори: участок 1964
 ... Пропускаем участок: Рижские зори: участок 1965
 ... Пропускаем участок: Рижские зори: участок 1966
 ... Пропускаем участок: Рижские зори: участок 1967
 ... Пропускаем участок: Рижские зори: участок 1968
 ... Пропускаем участок: Рижские зори: участок 1969
 ... Пропускаем участок: Рижские зори: участок 1970
 ... Пропускаем участок: Рижские зори: участок 1971
 ... Пропускаем участок: Рижские зори: участок 1972
 ... Пропускаем участок: Рижские зори: участок 1973
 ... Пропускаем участок: Рижские зори: участок 1974
 ... Пропускаем участок: Рижские зори: участок 1975
 ... Пропускаем участок: Рижские зори: участок 1976
 ... Пропускаем участок: Рижские зори: участок 1977
 ... Пропускаем участок: Рижские зори: участок 1978
 ... Пропускаем участок: Рижские зори: участок 1979
 ... Пропускаем участок: Рижские зори: участок 1980
 ... Пропускаем участок: Рижские зори: участок 1981
 ... Пропускаем участок: Рижские зори: участок 1982
 ... Пропускаем участок: Рижские зори: участок 1983
 ... Пропускаем участок: Рижские зори: участок 1984
 ... Пропускаем участок: Рижские зори: участок 1985
 ... Пропускаем участок: Рижские зори: участок 1986
 ... Пропускаем участок: Рижские зори: участок 1987
 ... Пропускаем участок: Рижские зори: участок 1988
 ... Пропускаем участок: Рижские зори: участок 1992
 ... Пропускаем участок: Рижские зори: участок 1994
 ... Пропускаем участок: Рижские зори: участок 1995
 ... Пропускаем участок: Рижские зори: участок 2001
 ... Пропускаем участок: Рижские зори: участок 2002
 ... Пропускаем участок: Рижские зори: участок 2003
 ... Пропускаем участок: Рижские зори: участок 2004
 ... Пропускаем участок: Рижские зори: участок 2005
 ... Пропускаем участок: Рижские зори: участок 2006
 ... Пропускаем участок: Рижские зори: участок 2007
 ... Пропускаем участок: Рижские зори: участок 2008
 ... Пропускаем участок: Рижские зори: участок 2009
 ... Пропускаем участок: Рижские зори: участок 2010
 ... Пропускаем участок: Рижские зори: участок 2011
 ... Пропускаем участок: Рижские зори: участок 2012
 ... Пропускаем участок: Рижские зори: участок 2013
 ... Пропускаем участок: Рижские зори: участок 2014
 ... Пропускаем участок: Рижские зори: участок 2015
 ... Пропускаем участок: Рижские зори: участок 2016
 ... Пропускаем участок: Рижские зори: участок 2017
 ... Пропускаем участок: Рижские зори: участок 2018
 ... Пропускаем участок: Рижские зори: участок 2019
 ... Пропускаем участок: Рижские зори: участок 2020
 ... Пропускаем участок: Рижские зори: участок 2021
 ... Пропускаем участок: Рижские зори: участок 2022
 ... Пропускаем участок: Рижские зори: участок 2023
 ... Пропускаем участок: Рижские зори: участок 2024
 ... Пропускаем участок: Рижские зори: участок 2025
 ... Пропускаем участок: Рижские зори: участок 2026
 ... Пропускаем участок: Рижские зори: участок 2027
 ... Пропускаем участок: Рижские зори: участок 2028
 ... Пропускаем участок: Рижские зори: участок 2029
 ... Пропускаем участок: Рижские зори: участок 2031
 ... Пропускаем участок: Рижские зори: участок 2032
 ... Пропускаем участок: Рижские зори: участок 2033
 ... Пропускаем участок: Рижские зори: участок 2034
 ... Пропускаем участок: Рижские зори: участок 2035
 ... Пропускаем участок: Рижские зори: участок 2036
 ... Пропускаем участок: Рижские зори: участок 2037
 ... Пропускаем участок: Рижские зори: участок 2046
 ... Пропускаем участок: Рижские зори: участок 2047
 ... Пропускаем участок: Рижские зори: участок 2048
 ... Пропускаем участок: Рижские зори: участок 2049
 ... Пропускаем участок: Рижские зори: участок 2050
 ... Пропускаем участок: Рижские зори: участок 2051
 ... Пропускаем участок: Рижские зори: участок 2052
 ... Пропускаем участок: Рижские зори: участок 2053
 ... Пропускаем участок: Рижские зори: участок 2054
 ... Пропускаем участок: Рижские зори: участок 2055
 ... Пропускаем участок: Рижские зори: участок 2056
 ... Пропускаем участок: Рижские зори: участок 2057
 ... Пропускаем участок: Рижские зори: участок 2058
 ... Пропускаем участок: Рижские зори: участок 2059
 ... Пропускаем участок: Рижские зори: участок 2060
 ... Пропускаем участок: Рижские зори: участок 2061
 ... Пропускаем участок: Рижские зори: участок 2062
 ... Пропускаем участок: Рижские зори: участок 2063
 ... Пропускаем участок: Рижские зори: участок 2064
 ... Пропускаем участок: Рижские зори: участок 2065
 ... Пропускаем участок: Рижские зори: участок 2066
 ... Пропускаем участок: Рижские зори: участок 2067
 ... Пропускаем участок: Рижские зори: участок 2068
 ... Пропускаем участок: Рижские зори: участок 2069
 ... Пропускаем участок: Рижские зори: участок 2070
 ... Пропускаем участок: Рижские зори: участок 2077
 ... Пропускаем участок: Рижские зори: участок 2078
 ... Пропускаем участок: Рижские зори: участок 2089
 ... Пропускаем участок: Рижские зори: участок 2090
 ... Пропускаем участок: Рижские зори: участок 2095
 ... Пропускаем участок: Рижские зори: участок 2100
 ... Пропускаем участок: Рижские зори: участок 2101
 ... Пропускаем участок: Рижские зори: участок 2102
 ... Пропускаем участок: Рижские зори: участок 2103
 ... Пропускаем участок: Рижские зори: участок 2104
 ... Пропускаем участок: Рижские зори: участок 2107
 ... Пропускаем участок: Рижские зори: участок 2108
 ... Пропускаем участок: Рижские зори: участок 2109
 ... Пропускаем участок: Рижские зори: участок 2110
 ... Пропускаем участок: Рижские зори: участок 2111
 ... Пропускаем участок: Рижские зори: участок 2112
 ... Пропускаем участок: Рижские зори: участок 2113
 ... Пропускаем участок: Рижские зори: участок 2114
 ... Пропускаем участок: Рижские зори: участок 2115
 ... Пропускаем участок: Рижские зори: участок 2116
 ... Пропускаем участок: Рижские зори: участок 2117
 ... Пропускаем участок: Рижские зори: участок 2118
 ... Пропускаем участок: Рижские зори: участок 2119
 ... Пропускаем участок: Рижские зори: участок 2120
 ... Пропускаем участок: Рижские зори: участок 2121
 ... Пропускаем участок: Рижские зори: участок 2122
 ... Пропускаем участок: Рижские зори: участок 2123
 ... Пропускаем участок: Рижские зори: участок 2124
 ... Пропускаем участок: Рижские зори: участок 2125
 ... Пропускаем участок: Рижские зори: участок 2126

Участки в фиде:
 - Свободно: 1261
 - Продано: 856
 - Технический: 709

Яркое

 ... Пропускаем участок: Яркое: участок 7
 ... Пропускаем участок: Яркое: участок 8
 ... Пропускаем участок: Яркое: участок 9
 ... Пропускаем участок: Яркое: участок 10
 ... Пропускаем участок: Яркое: участок 11
 ... Пропускаем участок: Яркое: участок 12
 ... Пропускаем участок: Яркое: участок 13
 ... Пропускаем участок: Яркое: участок 14
 ... Пропускаем участок: Яркое: участок 16
 ... Пропускаем участок: Яркое: участок 18
 ... Пропускаем участок: Яркое: участок 19
 ... Пропускаем участок: Яркое: участок 24
 ... Пропускаем участок: Яркое: участок 25
 ... Пропускаем участок: Яркое: участок 26
 ... Пропускаем участок: Яркое: участок 27
 ... Пропускаем участок: Яркое: участок 32
 ... Пропускаем участок: Яркое: участок 33
 ... Пропускаем участок: Яркое: участок 34
 ... Пропускаем участок: Яркое: участок 35
 ... Пропускаем участок: Яркое: участок 38
 ... Пропускаем участок: Яркое: участок 39
 ... Пропускаем участок: Яркое: участок 40
 ... Пропускаем участок: Яркое: участок 41
 ... Пропускаем участок: Яркое: участок 42
 ... Пропускаем участок: Яркое: участок 43
 ... Пропускаем участок: Яркое: участок 48
 ... Пропускаем участок: Яркое: участок 49
 ... Пропускаем участок: Яркое: участок 50
 ... Пропускаем участок: Яркое: участок 51
 ... Пропускаем участок: Яркое: участок 52
 ... Пропускаем участок: Яркое: участок 53
 ... Пропускаем участок: Яркое: участок 54
 ... Пропускаем участок: Яркое: участок 59
 ... Пропускаем участок: Яркое: участок 60
 ... Пропускаем участок: Яркое: участок 61
 ... Пропускаем участок: Яркое: участок 62
 ... Пропускаем участок: Яркое: участок 63
 ... Пропускаем участок: Яркое: участок 66
 ... Пропускаем участок: Яркое: участок 67
 ... Пропускаем участок: Яркое: участок 68
 ... Пропускаем участок: Яркое: участок 69
 ... Пропускаем участок: Яркое: участок 70
 ... Пропускаем участок: Яркое: участок 71
 ... Пропускаем участок: Яркое: участок 73
 ... Пропускаем участок: Яркое: участок 74
 ... Пропускаем участок: Яркое: участок 75
 ... Пропускаем участок: Яркое: участок 76
 ... Пропускаем участок: Яркое: участок 77
 ... Пропускаем участок: Яркое: участок 82
 ... Пропускаем участок: Яркое: участок 83
 ... Пропускаем участок: Яркое: участок 84
 ... Пропускаем участок: Яркое: участок 85
 ... Пропускаем участок: Яркое: участок 86
 ... Пропускаем участок: Яркое: участок 87
 ... Пропускаем участок: Яркое: участок 88
 ... Пропускаем участок: Яркое: участок 89
 ... Пропускаем участок: Яркое: участок 90
 ... Пропускаем участок: Яркое: участок 91
 ... Пропускаем участок: Яркое: участок 92
 ... Пропускаем участок: Яркое: участок 93
 ... Пропускаем участок: Яркое: участок 94
 ... Пропускаем участок: Яркое: участок 95
 ... Пропускаем участок: Яркое: участок 96
 ... Пропускаем участок: Яркое: участок 97
 ... Пропускаем участок: Яркое: участок 98
 ... Пропускаем участок: Яркое: участок 99
 ... Пропускаем участок: Яркое: участок 100
 ... Пропускаем участок: Яркое: участок 106
 ... Пропускаем участок: Яркое: участок 107
 ... Пропускаем участок: Яркое: участок 108
 ... Пропускаем участок: Яркое: участок 109
 ... Пропускаем участок: Яркое: участок 110
 ... Пропускаем участок: Яркое: участок 111
 ... Пропускаем участок: Яркое: участок 112
 ... Пропускаем участок: Яркое: участок 114
 ... Пропускаем участок: Яркое: участок 115
 ... Пропускаем участок: Яркое: участок 116
 ... Пропускаем участок: Яркое: участок 117
 ... Пропускаем участок: Яркое: участок 118
 ... Пропускаем участок: Яркое: участок 119
 ... Пропускаем участок: Яркое: участок 120
 ... Пропускаем участок: Яркое: участок 121
 ... Пропускаем участок: Яркое: участок 122
 ... Пропускаем участок: Яркое: участок 123
 ... Пропускаем участок: Яркое: участок 124
 ... Пропускаем участок: Яркое: участок 125
 ... Пропускаем участок: Яркое: участок 126
 ... Пропускаем участок: Яркое: участок 127
 ... Пропускаем участок: Яркое: участок 133
 ... Пропускаем участок: Яркое: участок 134
 ... Пропускаем участок: Яркое: участок 135
 ... Пропускаем участок: Яркое: участок 136
 ... Пропускаем участок: Яркое: участок 137
 ... Пропускаем участок: Яркое: участок 138
 ... Пропускаем участок: Яркое: участок 139
 ... Пропускаем участок: Яркое: участок 140
 ... Пропускаем участок: Яркое: участок 142
 ... Пропускаем участок: Яркое: участок 143
 ... Пропускаем участок: Яркое: участок 144
 ... Пропускаем участок: Яркое: участок 145
 ... Пропускаем участок: Яркое: участок 146
 ... Пропускаем участок: Яркое: участок 147
 ... Пропускаем участок: Яркое: участок 149
 ... Пропускаем участок: Яркое: участок 150
 ... Пропускаем участок: Яркое: участок 151
 ... Пропускаем участок: Яркое: участок 152
 ... Пропускаем участок: Яркое: участок 153
 ... Пропускаем участок: Яркое: участок 154
 ... Пропускаем участок: Яркое: участок 156
 ... Пропускаем участок: Яркое: участок 157
 ... Пропускаем участок: Яркое: участок 159
 ... Пропускаем участок: Яркое: участок 160
 ... Пропускаем участок: Яркое: участок 161
 ... Пропускаем участок: Яркое: участок 162
 ... Пропускаем участок: Яркое: участок 163
 ... Пропускаем участок: Яркое: участок 164
 ... Пропускаем участок: Яркое: участок 165
 ... Пропускаем участок: Яркое: участок 166
 ... Пропускаем участок: Яркое: участок 167
 ... Пропускаем участок: Яркое: участок 168
 ... Пропускаем участок: Яркое: участок 169
 ... Пропускаем участок: Яркое: участок 170
 ... Пропускаем участок: Яркое: участок 171
 ... Пропускаем участок: Яркое: участок 172
 ... Пропускаем участок: Яркое: участок 179
 ... Пропускаем участок: Яркое: участок 180
 ... Пропускаем участок: Яркое: участок 181
 ... Пропускаем участок: Яркое: участок 183
 ... Пропускаем участок: Яркое: участок 184
 ... Пропускаем участок: Яркое: участок 185
 ... Пропускаем участок: Яркое: участок 186
 ... Пропускаем участок: Яркое: участок 187
 ... Пропускаем участок: Яркое: участок 188
 ... Пропускаем участок: Яркое: участок 189
 ... Пропускаем участок: Яркое: участок 190
 ... Пропускаем участок: Яркое: участок 191
 ... Пропускаем участок: Яркое: участок 192
 ... Пропускаем участок: Яркое: участок 194
 ... Пропускаем участок: Яркое: участок 195
 ... Пропускаем участок: Яркое: участок 196
 ... Пропускаем участок: Яркое: участок 197
 ... Пропускаем участок: Яркое: участок 198
 ... Пропускаем участок: Яркое: участок 199
 ... Пропускаем участок: Яркое: участок 200
 ... Пропускаем участок: Яркое: участок 201
 ... Пропускаем участок: Яркое: участок 202
 ... Пропускаем участок: Яркое: участок 203
 ... Пропускаем участок: Яркое: участок 204
 ... Пропускаем участок: Яркое: участок 205
 ... Пропускаем участок: Яркое: участок 206
 ... Пропускаем участок: Яркое: участок 207
 ... Пропускаем участок: Яркое: участок 208
 ... Пропускаем участок: Яркое: участок 209
 ... Пропускаем участок: Яркое: участок 210
 ... Пропускаем участок: Яркое: участок 211
 ... Пропускаем участок: Яркое: участок 212
 ... Пропускаем участок: Яркое: участок 214
 ... Пропускаем участок: Яркое: участок 215
 ... Пропускаем участок: Яркое: участок 216
 ... Пропускаем участок: Яркое: участок 217
 ... Пропускаем участок: Яркое: участок 219
 ... Пропускаем участок: Яркое: участок 220
 ... Пропускаем участок: Яркое: участок 221
 ... Пропускаем участок: Яркое: участок 222
 ... Пропускаем участок: Яркое: участок 223
 ... Пропускаем участок: Яркое: участок 224
 ... Пропускаем участок: Яркое: участок 232
 ... Пропускаем участок: Яркое: участок 233
 ... Пропускаем участок: Яркое: участок 234
 ... Пропускаем участок: Яркое: участок 235
 ... Пропускаем участок: Яркое: участок 236
 ... Пропускаем участок: Яркое: участок 237
 ... Пропускаем участок: Яркое: участок 238
 ... Пропускаем участок: Яркое: участок 240
 ... Пропускаем участок: Яркое: участок 241
 ... Пропускаем участок: Яркое: участок 242
 ... Пропускаем участок: Яркое: участок 243
 ... Пропускаем участок: Яркое: участок 244
 ... Пропускаем участок: Яркое: участок 245
 ... Пропускаем участок: Яркое: участок 246
 ... Пропускаем участок: Яркое: участок 248
 ... Пропускаем участок: Яркое: участок 249
 ... Пропускаем участок: Яркое: участок 250
 ... Пропускаем участок: Яркое: участок 251
 ... Пропускаем участок: Яркое: участок 252
 ... Пропускаем участок: Яркое: участок 253
 ... Пропускаем участок: Яркое: участок 254
 ... Пропускаем участок: Яркое: участок 261
 ... Пропускаем участок: Яркое: участок 262
 ... Пропускаем участок: Яркое: участок 263
 ... Пропускаем участок: Яркое: участок 264
 ... Пропускаем участок: Яркое: участок 266
 ... Пропускаем участок: Яркое: участок 267
 ... Пропускаем участок: Яркое: участок 268
 ... Пропускаем участок: Яркое: участок 269
 ... Пропускаем участок: Яркое: участок 270
 ... Пропускаем участок: Яркое: участок 271
 ... Пропускаем участок: Яркое: участок 272
 ... Пропускаем участок: Яркое: участок 273
 ... Пропускаем участок: Яркое: участок 274
 ... Пропускаем участок: Яркое: участок 275
 ... Пропускаем участок: Яркое: участок 276
 ... Пропускаем участок: Яркое: участок 277
 ... Пропускаем участок: Яркое: участок 278
 ... Пропускаем участок: Яркое: участок 279
 ... Пропускаем участок: Яркое: участок 280
 ... Пропускаем участок: Яркое: участок 281
 ... Пропускаем участок: Яркое: участок 282
 ... Пропускаем участок: Яркое: участок 283
 ... Пропускаем участок: Яркое: участок 284
 ... Пропускаем участок: Яркое: участок 285
 ... Пропускаем участок: Яркое: участок 286
 ... Пропускаем участок: Яркое: участок 287
 ... Пропускаем участок: Яркое: участок 288
 ... Пропускаем участок: Яркое: участок 289
 ... Пропускаем участок: Яркое: участок 290
 ... Пропускаем участок: Яркое: участок 302
 ... Пропускаем участок: Яркое: участок 303
 ... Пропускаем участок: Яркое: участок 304
 ... Пропускаем участок: Яркое: участок 305
 ... Пропускаем участок: Яркое: участок 306
 ... Пропускаем участок: Яркое: участок 307
 ... Пропускаем участок: Яркое: участок 308
 ... Пропускаем участок: Яркое: участок 309
 ... Пропускаем участок: Яркое: участок 310
 ... Пропускаем участок: Яркое: участок 311
 ... Пропускаем участок: Яркое: участок 312
 ... Пропускаем участок: Яркое: участок 313
 ... Пропускаем участок: Яркое: участок 314
 ... Пропускаем участок: Яркое: участок 315
 ... Пропускаем участок: Яркое: участок 316
 ... Пропускаем участок: Яркое: участок 317
 ... Пропускаем участок: Яркое: участок 318
 ... Пропускаем участок: Яркое: участок 319
 ... Пропускаем участок: Яркое: участок 320
 ... Пропускаем участок: Яркое: участок 321
 ... Пропускаем участок: Яркое: участок 322
 ... Пропускаем участок: Яркое: участок 323
 ... Пропускаем участок: Яркое: участок 325
 ... Пропускаем участок: Яркое: участок 326
 ... Пропускаем участок: Яркое: участок 327
 ... Пропускаем участок: Яркое: участок 328
 ... Пропускаем участок: Яркое: участок 329
 ... Пропускаем участок: Яркое: участок 330
 ... Пропускаем участок: Яркое: участок 331
 ... Пропускаем участок: Яркое: участок 332
 ... Пропускаем участок: Яркое: участок 334
 ... Пропускаем участок: Яркое: участок 335
 ... Пропускаем участок: Яркое: участок 336
 ... Пропускаем участок: Яркое: участок 337
 ... Пропускаем участок: Яркое: участок 338
 ... Пропускаем участок: Яркое: участок 339
 ... Пропускаем участок: Яркое: участок 340
 ... Пропускаем участок: Яркое: участок 345
 ... Пропускаем участок: Яркое: участок 346
 ... Пропускаем участок: Яркое: участок 347
 ... Пропускаем участок: Яркое: участок 348
 ... Пропускаем участок: Яркое: участок 349
 ... Пропускаем участок: Яркое: участок 350
 ... Пропускаем участок: Яркое: участок 351

Участки в фиде:
 - Свободно: 277
 - Продано: 57
 - Технический: 18

Лапино

 ... Пропускаем участок: Лапино: участок 5
 ... Пропускаем участок: Лапино: участок 6
 ... Пропускаем участок: Лапино: участок 7
 ... Пропускаем участок: Лапино: участок 8
 ... Пропускаем участок: Лапино: участок 13
 ... Пропускаем участок: Лапино: участок 29
 ... Пропускаем участок: Лапино: участок 34
 ... Пропускаем участок: Лапино: участок 36
 ... Пропускаем участок: Лапино: участок 37
 ... Пропускаем участок: Лапино: участок 38
 ... Пропускаем участок: Лапино: участок 39
 ... Пропускаем участок: Лапино: участок 40
 ... Пропускаем участок: Лапино: участок 44
 ... Пропускаем участок: Лапино: участок 45
 ... Пропускаем участок: Лапино: участок 46
 ... Пропускаем участок: Лапино: участок 47
 ... Пропускаем участок: Лапино: участок 48
 ... Пропускаем участок: Лапино: участок 49
 ... Пропускаем участок: Лапино: участок 50
 ... Пропускаем участок: Лапино: участок 51
 ... Пропускаем участок: Лапино: участок 53
 ... Пропускаем участок: Лапино: участок 57
 ... Пропускаем участок: Лапино: участок 58
 ... Пропускаем участок: Лапино: участок 59
 ... Пропускаем участок: Лапино: участок 60
 ... Пропускаем участок: Лапино: участок 61
 ... Пропускаем участок: Лапино: участок 62
 ... Пропускаем участок: Лапино: участок 63
 ... Пропускаем участок: Лапино: участок 64
 ... Пропускаем участок: Лапино: участок 65
 ... Пропускаем участок: Лапино: участок 66
 ... Пропускаем участок: Лапино: участок 67
 ... Пропускаем участок: Лапино: участок 68
 ... Пропускаем участок: Лапино: участок 69
 ... Пропускаем участок: Лапино: участок 70
 ... Пропускаем участок: Лапино: участок 72
 ... Пропускаем участок: Лапино: участок 73
 ... Пропускаем участок: Лапино: участок 74
 ... Пропускаем участок: Лапино: участок 75
 ... Пропускаем участок: Лапино: участок 76
 ... Пропускаем участок: Лапино: участок 79
 ... Пропускаем участок: Лапино: участок 80
 ... Пропускаем участок: Лапино: участок 82
 ... Пропускаем участок: Лапино: участок 85
 ... Пропускаем участок: Лапино: участок 86
 ... Пропускаем участок: Лапино: участок 87
 ... Пропускаем участок: Лапино: участок 88
 ... Пропускаем участок: Лапино: участок 89
 ... Пропускаем участок: Лапино: участок 90
 ... Пропускаем участок: Лапино: участок 91
 ... Пропускаем участок: Лапино: участок 92
 ... Пропускаем участок: Лапино: участок 94
 ... Пропускаем участок: Лапино: участок 95
 ... Пропускаем участок: Лапино: участок 96
 ... Пропускаем участок: Лапино: участок 97
 ... Пропускаем участок: Лапино: участок 98
 ... Пропускаем участок: Лапино: участок 99
 ... Пропускаем участок: Лапино: участок 100
 ... Пропускаем участок: Лапино: участок 101
 ... Пропускаем участок: Лапино: участок 102
 ... Пропускаем участок: Лапино: участок 103
 ... Пропускаем участок: Лапино: участок 104
 ... Пропускаем участок: Лапино: участок 110
 ... Пропускаем участок: Лапино: участок 112
 ... Пропускаем участок: Лапино: участок 113
 ... Пропускаем участок: Лапино: участок 114
 ... Пропускаем участок: Лапино: участок 115
 ... Пропускаем участок: Лапино: участок 116
 ... Пропускаем участок: Лапино: участок 117
 ... Пропускаем участок: Лапино: участок 118
 ... Пропускаем участок: Лапино: участок 119
 ... Пропускаем участок: Лапино: участок 120
 ... Пропускаем участок: Лапино: участок 121
 ... Пропускаем участок: Лапино: участок 122
 ... Пропускаем участок: Лапино: участок 123
 ... Пропускаем участок: Лапино: участок 124
 ... Пропускаем участок: Лапино: участок 125
 ... Пропускаем участок: Лапино: участок 126
 ... Пропускаем участок: Лапино: участок 127
 ... Пропускаем участок: Лапино: участок 128
 ... Пропускаем участок: Лапино: участок 129
 ... Пропускаем участок: Лапино: участок 130
 ... Пропускаем участок: Лапино: участок 131
 ... Пропускаем участок: Лапино: участок 132
 ... Пропускаем участок: Лапино: участок 133
 ... Пропускаем участок: Лапино: участок 135
 ... Пропускаем участок: Лапино: участок 136
 ... Пропускаем участок: Лапино: участок 137
 ... Пропускаем участок: Лапино: участок 139
 ... Пропускаем участок: Лапино: участок 140
 ... Пропускаем участок: Лапино: участок 143
 ... Пропускаем участок: Лапино: участок 144
 ... Пропускаем участок: Лапино: участок 145
 ... Пропускаем участок: Лапино: участок 146
 ... Пропускаем участок: Лапино: участок 147
 ... Пропускаем участок: Лапино: участок 148
 ... Пропускаем участок: Лапино: участок 149
 ... Пропускаем участок: Лапино: участок 150
 ... Пропускаем участок: Лапино: участок 151
 ... Пропускаем участок: Лапино: участок 152
 ... Пропускаем участок: Лапино: участок 153
 ... Пропускаем участок: Лапино: участок 154
 ... Пропускаем участок: Лапино: участок 155
 ... Пропускаем участок: Лапино: участок 156
 ... Пропускаем участок: Лапино: участок 157
 ... Пропускаем участок: Лапино: участок 158
 ... Пропускаем участок: Лапино: участок 159
 ... Пропускаем участок: Лапино: участок 160
 ... Пропускаем участок: Лапино: участок 161
 ... Пропускаем участок: Лапино: участок 162
 ... Пропускаем участок: Лапино: участок 163
 ... Пропускаем участок: Лапино: участок 164
 ... Пропускаем участок: Лапино: участок 165
 ... Пропускаем участок: Лапино: участок 166
 ... Пропускаем участок: Лапино: участок 167
 ... Пропускаем участок: Лапино: участок 168
 ... Пропускаем участок: Лапино: участок 169
 ... Пропускаем участок: Лапино: участок 174
 ... Пропускаем участок: Лапино: участок 176
 ... Пропускаем участок: Лапино: участок 177
 ... Пропускаем участок: Лапино: участок 178
 ... Пропускаем участок: Лапино: участок 179
 ... Пропускаем участок: Лапино: участок 180
 ... Пропускаем участок: Лапино: участок 181
 ... Пропускаем участок: Лапино: участок 182
 ... Пропускаем участок: Лапино: участок 183
 ... Пропускаем участок: Лапино: участок 184
 ... Пропускаем участок: Лапино: участок 185
 ... Пропускаем участок: Лапино: участок 186
 ... Пропускаем участок: Лапино: участок 187
 ... Пропускаем участок: Лапино: участок 188
 ... Пропускаем участок: Лапино: участок 189
 ... Пропускаем участок: Лапино: участок 190
 ... Пропускаем участок: Лапино: участок 191
 ... Пропускаем участок: Лапино: участок 192
 ... Пропускаем участок: Лапино: участок 193
 ... Пропускаем участок: Лапино: участок 195
 ... Пропускаем участок: Лапино: участок 196
 ... Пропускаем участок: Лапино: участок 197
 ... Пропускаем участок: Лапино: участок 198
 ... Пропускаем участок: Лапино: участок 199
 ... Пропускаем участок: Лапино: участок 202
 ... Пропускаем участок: Лапино: участок 204
 ... Пропускаем участок: Лапино: участок 205
 ... Пропускаем участок: Лапино: участок 206
 ... Пропускаем участок: Лапино: участок 207
 ... Пропускаем участок: Лапино: участок 213
 ... Пропускаем участок: Лапино: участок 214
 ... Пропускаем участок: Лапино: участок 215
 ... Пропускаем участок: Лапино: участок 216
 ... Пропускаем участок: Лапино: участок 217
 ... Пропускаем участок: Лапино: участок 218
 ... Пропускаем участок: Лапино: участок 219
 ... Пропускаем участок: Лапино: участок 220
 ... Пропускаем участок: Лапино: участок 221
 ... Пропускаем участок: Лапино: участок 222
 ... Пропускаем участок: Лапино: участок 223
 ... Пропускаем участок: Лапино: участок 224
 ... Пропускаем участок: Лапино: участок 225
 ... Пропускаем участок: Лапино: участок 227
 ... Пропускаем участок: Лапино: участок 228
 ... Пропускаем участок: Лапино: участок 229
 ... Пропускаем участок: Лапино: участок 230
 ... Пропускаем участок: Лапино: участок 231
 ... Пропускаем участок: Лапино: участок 232
 ... Пропускаем участок: Лапино: участок 233
 ... Пропускаем участок: Лапино: участок 234
 ... Пропускаем участок: Лапино: участок 235
 ... Пропускаем участок: Лапино: участок 236
 ... Пропускаем участок: Лапино: участок 237
 ... Пропускаем участок: Лапино: участок 238
 ... Пропускаем участок: Лапино: участок 239
 ... Пропускаем участок: Лапино: участок 240
 ... Пропускаем участок: Лапино: участок 241
 ... Пропускаем участок: Лапино: участок 248
 ... Пропускаем участок: Лапино: участок 249
 ... Пропускаем участок: Лапино: участок 250
 ... Пропускаем участок: Лапино: участок 251
 ... Пропускаем участок: Лапино: участок 252
 ... Пропускаем участок: Лапино: участок 253
 ... Пропускаем участок: Лапино: участок 254
 ... Пропускаем участок: Лапино: участок 255
 ... Пропускаем участок: Лапино: участок 256
 ... Пропускаем участок: Лапино: участок 257
 ... Пропускаем участок: Лапино: участок 258
 ... Пропускаем участок: Лапино: участок 259
 ... Пропускаем участок: Лапино: участок 260
 ... Пропускаем участок: Лапино: участок 262
 ... Пропускаем участок: Лапино: участок 263
 ... Пропускаем участок: Лапино: участок 264
 ... Пропускаем участок: Лапино: участок 265
 ... Пропускаем участок: Лапино: участок 266
 ... Пропускаем участок: Лапино: участок 267
 ... Пропускаем участок: Лапино: участок 268
 ... Пропускаем участок: Лапино: участок 269
 ... Пропускаем участок: Лапино: участок 270
 ... Пропускаем участок: Лапино: участок 271
 ... Пропускаем участок: Лапино: участок 272
 ... Пропускаем участок: Лапино: участок 273
 ... Пропускаем участок: Лапино: участок 274
 ... Пропускаем участок: Лапино: участок 275
 ... Пропускаем участок: Лапино: участок 276
 ... Пропускаем участок: Лапино: участок 278
 ... Пропускаем участок: Лапино: участок 279
 ... Пропускаем участок: Лапино: участок 280
 ... Пропускаем участок: Лапино: участок 303
 ... Пропускаем участок: Лапино: участок 304
 ... Пропускаем участок: Лапино: участок 305
 ... Пропускаем участок: Лапино: участок 306
 ... Пропускаем участок: Лапино: участок 307
 ... Пропускаем участок: Лапино: участок 308
 ... Пропускаем участок: Лапино: участок 309
 ... Пропускаем участок: Лапино: участок 310
 ... Пропускаем участок: Лапино: участок 311

Участки в фиде:
 - Свободно: 245
 - Продано: 66
 - Технический: 1

ЭК Пирогово

 ... Пропускаем участок: ЭК Пирогово: участок 10
 ... Пропускаем участок: ЭК Пирогово: участок 20
 ... Пропускаем участок: ЭК Пирогово: участок 22
 ... Пропускаем участок: ЭК Пирогово: участок 23
 ... Пропускаем участок: ЭК Пирогово: участок 24
 ... Пропускаем участок: ЭК Пирогово: участок 25
 ... Пропускаем участок: ЭК Пирогово: участок 26
 ... Пропускаем участок: ЭК Пирогово: участок 27
 ... Пропускаем участок: ЭК Пирогово: участок 28
 ... Пропускаем участок: ЭК Пирогово: участок 29
 ... Пропускаем участок: ЭК Пирогово: участок 34
 ... Пропускаем участок: ЭК Пирогово: участок 35
 ... Пропускаем участок: ЭК Пирогово: участок 36
 ... Пропускаем участок: ЭК Пирогово: участок 38
 ... Пропускаем участок: ЭК Пирогово: участок 39
 ... Пропускаем участок: ЭК Пирогово: участок 40
 ... Пропускаем участок: ЭК Пирогово: участок 41
 ... Пропускаем участок: ЭК Пирогово: участок 42
 ... Пропускаем участок: ЭК Пирогово: участок 43
 ... Пропускаем участок: ЭК Пирогово: участок 44
 ... Пропускаем участок: ЭК Пирогово: участок 45
 ... Пропускаем участок: ЭК Пирогово: участок 46
 ... Пропускаем участок: ЭК Пирогово: участок 47
 ... Пропускаем участок: ЭК Пирогово: участок 49
 ... Пропускаем участок: ЭК Пирогово: участок 50
 ... Пропускаем участок: ЭК Пирогово: участок 51
 ... Пропускаем участок: ЭК Пирогово: участок 52
 ... Пропускаем участок: ЭК Пирогово: участок 53
 ... Пропускаем участок: ЭК Пирогово: участок 57
 ... Пропускаем участок: ЭК Пирогово: участок 58
 ... Пропускаем участок: ЭК Пирогово: участок 59
 ... Пропускаем участок: ЭК Пирогово: участок 60
 ... Пропускаем участок: ЭК Пирогово: участок 61
 ... Пропускаем участок: ЭК Пирогово: участок 62
 ... Пропускаем участок: ЭК Пирогово: участок 63
 ... Пропускаем участок: ЭК Пирогово: участок 64
 ... Пропускаем участок: ЭК Пирогово: участок 65
 ... Пропускаем участок: ЭК Пирогово: участок 66
 ... Пропускаем участок: ЭК Пирогово: участок 67
 ... Пропускаем участок: ЭК Пирогово: участок 68
 ... Пропускаем участок: ЭК Пирогово: участок 69
 ... Пропускаем участок: ЭК Пирогово: участок 71
 ... Пропускаем участок: ЭК Пирогово: участок 73
 ... Пропускаем участок: ЭК Пирогово: участок 74
 ... Пропускаем участок: ЭК Пирогово: участок 75
 ... Пропускаем участок: ЭК Пирогово: участок 76
 ... Пропускаем участок: ЭК Пирогово: участок 77
 ... Пропускаем участок: ЭК Пирогово: участок 78
 ... Пропускаем участок: ЭК Пирогово: участок 79
 ... Пропускаем участок: ЭК Пирогово: участок 80
 ... Пропускаем участок: ЭК Пирогово: участок 81
 ... Пропускаем участок: ЭК Пирогово: участок 82
 ... Пропускаем участок: ЭК Пирогово: участок 83
 ... Пропускаем участок: ЭК Пирогово: участок 84
 ... Пропускаем участок: ЭК Пирогово: участок 88
 ... Пропускаем участок: ЭК Пирогово: участок 89
 ... Пропускаем участок: ЭК Пирогово: участок 93
 ... Пропускаем участок: ЭК Пирогово: участок 94
 ... Пропускаем участок: ЭК Пирогово: участок 95
 ... Пропускаем участок: ЭК Пирогово: участок 96
 ... Пропускаем участок: ЭК Пирогово: участок 97
 ... Пропускаем участок: ЭК Пирогово: участок 98
 ... Пропускаем участок: ЭК Пирогово: участок 100
 ... Пропускаем участок: ЭК Пирогово: участок 101
 ... Пропускаем участок: ЭК Пирогово: участок 102
 ... Пропускаем участок: ЭК Пирогово: участок 103
 ... Пропускаем участок: ЭК Пирогово: участок 104
 ... Пропускаем участок: ЭК Пирогово: участок 105
 ... Пропускаем участок: ЭК Пирогово: участок 106
 ... Пропускаем участок: ЭК Пирогово: участок 107
 ... Пропускаем участок: ЭК Пирогово: участок 109
 ... Пропускаем участок: ЭК Пирогово: участок 110
 ... Пропускаем участок: ЭК Пирогово: участок 111
 ... Пропускаем участок: ЭК Пирогово: участок 112
 ... Пропускаем участок: ЭК Пирогово: участок 113
 ... Пропускаем участок: ЭК Пирогово: участок 114
 ... Пропускаем участок: ЭК Пирогово: участок 115
 ... Пропускаем участок: ЭК Пирогово: участок 116
 ... Пропускаем участок: ЭК Пирогово: участок 117
 ... Пропускаем участок: ЭК Пирогово: участок 118
 ... Пропускаем участок: ЭК Пирогово: участок 119
 ... Пропускаем участок: ЭК Пирогово: участок 120
 ... Пропускаем участок: ЭК Пирогово: участок 121
 ... Пропускаем участок: ЭК Пирогово: участок 122
 ... Пропускаем участок: ЭК Пирогово: участок 123
 ... Пропускаем участок: ЭК Пирогово: участок 125
 ... Пропускаем участок: ЭК Пирогово: участок 127
 ... Пропускаем участок: ЭК Пирогово: участок 128
 ... Пропускаем участок: ЭК Пирогово: участок 129
 ... Пропускаем участок: ЭК Пирогово: участок 130
 ... Пропускаем участок: ЭК Пирогово: участок 131
 ... Пропускаем участок: ЭК Пирогово: участок 132
 ... Пропускаем участок: ЭК Пирогово: участок 133
 ... Пропускаем участок: ЭК Пирогово: участок 134
 ... Пропускаем участок: ЭК Пирогово: участок 135
 ... Пропускаем участок: ЭК Пирогово: участок 136
 ... Пропускаем участок: ЭК Пирогово: участок 137
 ... Пропускаем участок: ЭК Пирогово: участок 140
 ... Пропускаем участок: ЭК Пирогово: участок 141
 ... Пропускаем участок: ЭК Пирогово: участок 142
 ... Пропускаем участок: ЭК Пирогово: участок 144
 ... Пропускаем участок: ЭК Пирогово: участок 145
 ... Пропускаем участок: ЭК Пирогово: участок 146
 ... Пропускаем участок: ЭК Пирогово: участок 147
 ... Пропускаем участок: ЭК Пирогово: участок 148
 ... Пропускаем участок: ЭК Пирогово: участок 149
 ... Пропускаем участок: ЭК Пирогово: участок 150
 ... Пропускаем участок: ЭК Пирогово: участок 151
 ... Пропускаем участок: ЭК Пирогово: участок 152
 ... Пропускаем участок: ЭК Пирогово: участок 153
 ... Пропускаем участок: ЭК Пирогово: участок 154
 ... Пропускаем участок: ЭК Пирогово: участок 159
 ... Пропускаем участок: ЭК Пирогово: участок 160
 ... Пропускаем участок: ЭК Пирогово: участок 161
 ... Пропускаем участок: ЭК Пирогово: участок 162
 ... Пропускаем участок: ЭК Пирогово: участок 163
 ... Пропускаем участок: ЭК Пирогово: участок 164
 ... Пропускаем участок: ЭК Пирогово: участок 165
 ... Пропускаем участок: ЭК Пирогово: участок 166
 ... Пропускаем участок: ЭК Пирогово: участок 167
 ... Пропускаем участок: ЭК Пирогово: участок 168
 ... Пропускаем участок: ЭК Пирогово: участок 169
 ... Пропускаем участок: ЭК Пирогово: участок 170
 ... Пропускаем участок: ЭК Пирогово: участок 171
 ... Пропускаем участок: ЭК Пирогово: участок 172
 ... Пропускаем участок: ЭК Пирогово: участок 173
 ... Пропускаем участок: ЭК Пирогово: участок 174
 ... Пропускаем участок: ЭК Пирогово: участок 175
 ... Пропускаем участок: ЭК Пирогово: участок 176
 ... Пропускаем участок: ЭК Пирогово: участок 177
 ... Пропускаем участок: ЭК Пирогово: участок 178
 ... Пропускаем участок: ЭК Пирогово: участок 179
 ... Пропускаем участок: ЭК Пирогово: участок 180
 ... Пропускаем участок: ЭК Пирогово: участок 181
 ... Пропускаем участок: ЭК Пирогово: участок 182
 ... Пропускаем участок: ЭК Пирогово: участок 183
 ... Пропускаем участок: ЭК Пирогово: участок 184
 ... Пропускаем участок: ЭК Пирогово: участок 185
 ... Пропускаем участок: ЭК Пирогово: участок 186
 ... Пропускаем участок: ЭК Пирогово: участок 187
 ... Пропускаем участок: ЭК Пирогово: участок 188
 ... Пропускаем участок: ЭК Пирогово: участок 189
 ... Пропускаем участок: ЭК Пирогово: участок 190
 ... Пропускаем участок: ЭК Пирогово: участок 191
 ... Пропускаем участок: ЭК Пирогово: участок 192
 ... Пропускаем участок: ЭК Пирогово: участок 193
 ... Пропускаем участок: ЭК Пирогово: участок 194
 ... Пропускаем участок: ЭК Пирогово: участок 196
 ... Пропускаем участок: ЭК Пирогово: участок 197
 ... Пропускаем участок: ЭК Пирогово: участок 198
 ... Пропускаем участок: ЭК Пирогово: участок 199
 ... Пропускаем участок: ЭК Пирогово: участок 200
 ... Пропускаем участок: ЭК Пирогово: участок 201
 ... Пропускаем участок: ЭК Пирогово: участок 202
 ... Пропускаем участок: ЭК Пирогово: участок 203
 ... Пропускаем участок: ЭК Пирогово: участок 204
 ... Пропускаем участок: ЭК Пирогово: участок 205
 ... Пропускаем участок: ЭК Пирогово: участок 206
 ... Пропускаем участок: ЭК Пирогово: участок 207
 ... Пропускаем участок: ЭК Пирогово: участок 208
 ... Пропускаем участок: ЭК Пирогово: участок 209
 ... Пропускаем участок: ЭК Пирогово: участок 210
 ... Пропускаем участок: ЭК Пирогово: участок 211
 ... Пропускаем участок: ЭК Пирогово: участок 212
 ... Пропускаем участок: ЭК Пирогово: участок 213
 ... Пропускаем участок: ЭК Пирогово: участок 214
 ... Пропускаем участок: ЭК Пирогово: участок 215
 ... Пропускаем участок: ЭК Пирогово: участок 216
 ... Пропускаем участок: ЭК Пирогово: участок 217
 ... Пропускаем участок: ЭК Пирогово: участок 218
 ... Пропускаем участок: ЭК Пирогово: участок 219
 ... Пропускаем участок: ЭК Пирогово: участок 220
 ... Пропускаем участок: ЭК Пирогово: участок 221
 ... Пропускаем участок: ЭК Пирогово: участок 222
 ... Пропускаем участок: ЭК Пирогово: участок 223
 ... Пропускаем участок: ЭК Пирогово: участок 224
 ... Пропускаем участок: ЭК Пирогово: участок 225
 ... Пропускаем участок: ЭК Пирогово: участок 226
 ... Пропускаем участок: ЭК Пирогово: участок 227
 ... Пропускаем участок: ЭК Пирогово: участок 228
 ... Пропускаем участок: ЭК Пирогово: участок 229
 ... Пропускаем участок: ЭК Пирогово: участок 230
 ... Пропускаем участок: ЭК Пирогово: участок 231
 ... Пропускаем участок: ЭК Пирогово: участок 232
 ... Пропускаем участок: ЭК Пирогово: участок 233
 ... Пропускаем участок: ЭК Пирогово: участок 234
 ... Пропускаем участок: ЭК Пирогово: участок 235
 ... Пропускаем участок: ЭК Пирогово: участок 236
 ... Пропускаем участок: ЭК Пирогово: участок 237
 ... Пропускаем участок: ЭК Пирогово: участок 238
 ... Пропускаем участок: ЭК Пирогово: участок 239
 ... Пропускаем участок: ЭК Пирогово: участок 240
 ... Пропускаем участок: ЭК Пирогово: участок 241
 ... Пропускаем участок: ЭК Пирогово: участок 242
 ... Пропускаем участок: ЭК Пирогово: участок 243
 ... Пропускаем участок: ЭК Пирогово: участок 244
 ... Пропускаем участок: ЭК Пирогово: участок 245
 ... Пропускаем участок: ЭК Пирогово: участок 246
 ... Пропускаем участок: ЭК Пирогово: участок 247
 ... Пропускаем участок: ЭК Пирогово: участок 248
 ... Пропускаем участок: ЭК Пирогово: участок 249
 ... Пропускаем участок: ЭК Пирогово: участок 250
 ... Пропускаем участок: ЭК Пирогово: участок 251
 ... Пропускаем участок: ЭК Пирогово: участок 252
 ... Пропускаем участок: ЭК Пирогово: участок 253
 ... Пропускаем участок: ЭК Пирогово: участок 254
 ... Пропускаем участок: ЭК Пирогово: участок 255
 ... Пропускаем участок: ЭК Пирогово: участок 256
 ... Пропускаем участок: ЭК Пирогово: участок 257
 ... Пропускаем участок: ЭК Пирогово: участок 258
 ... Пропускаем участок: ЭК Пирогово: участок 259
 ... Пропускаем участок: ЭК Пирогово: участок 260
 ... Пропускаем участок: ЭК Пирогово: участок 261
 ... Пропускаем участок: ЭК Пирогово: участок 262
 ... Пропускаем участок: ЭК Пирогово: участок 263
 ... Пропускаем участок: ЭК Пирогово: участок 264
 ... Пропускаем участок: ЭК Пирогово: участок 265
 ... Пропускаем участок: ЭК Пирогово: участок 266
 ... Пропускаем участок: ЭК Пирогово: участок 267
 ... Пропускаем участок: ЭК Пирогово: участок 268
 ... Пропускаем участок: ЭК Пирогово: участок 269
 ... Пропускаем участок: ЭК Пирогово: участок 270
 ... Пропускаем участок: ЭК Пирогово: участок 271
 ... Пропускаем участок: ЭК Пирогово: участок 272
 ... Пропускаем участок: ЭК Пирогово: участок 273
 ... Пропускаем участок: ЭК Пирогово: участок 274
 ... Пропускаем участок: ЭК Пирогово: участок 275
 ... Пропускаем участок: ЭК Пирогово: участок 276
 ... Пропускаем участок: ЭК Пирогово: участок 277
 ... Пропускаем участок: ЭК Пирогово: участок 278
 ... Пропускаем участок: ЭК Пирогово: участок 279
 ... Пропускаем участок: ЭК Пирогово: участок 280
 ... Пропускаем участок: ЭК Пирогово: участок 281
 ... Пропускаем участок: ЭК Пирогово: участок 282
 ... Пропускаем участок: ЭК Пирогово: участок 283
 ... Пропускаем участок: ЭК Пирогово: участок 284
 ... Пропускаем участок: ЭК Пирогово: участок 285
 ... Пропускаем участок: ЭК Пирогово: участок 286
 ... Пропускаем участок: ЭК Пирогово: участок 287
 ... Пропускаем участок: ЭК Пирогово: участок 288
 ... Пропускаем участок: ЭК Пирогово: участок 289
 ... Пропускаем участок: ЭК Пирогово: участок 290
 ... Пропускаем участок: ЭК Пирогово: участок 291
 ... Пропускаем участок: ЭК Пирогово: участок 292
 ... Пропускаем участок: ЭК Пирогово: участок 293
 ... Пропускаем участок: ЭК Пирогово: участок 294
 ... Пропускаем участок: ЭК Пирогово: участок 295
 ... Пропускаем участок: ЭК Пирогово: участок 296
 ... Пропускаем участок: ЭК Пирогово: участок 297
 ... Пропускаем участок: ЭК Пирогово: участок 298
 ... Пропускаем участок: ЭК Пирогово: участок 299
 ... Пропускаем участок: ЭК Пирогово: участок 300
 ... Пропускаем участок: ЭК Пирогово: участок 301
 ... Пропускаем участок: ЭК Пирогово: участок 302
 ... Пропускаем участок: ЭК Пирогово: участок 303
 ... Пропускаем участок: ЭК Пирогово: участок 304
 ... Пропускаем участок: ЭК Пирогово: участок 305
 ... Пропускаем участок: ЭК Пирогово: участок 306
 ... Пропускаем участок: ЭК Пирогово: участок 307
 ... Пропускаем участок: ЭК Пирогово: участок 308
 ... Пропускаем участок: ЭК Пирогово: участок 309
 ... Пропускаем участок: ЭК Пирогово: участок 310
 ... Пропускаем участок: ЭК Пирогово: участок 311
 ... Пропускаем участок: ЭК Пирогово: участок 312
 ... Пропускаем участок: ЭК Пирогово: участок 313
 ... Пропускаем участок: ЭК Пирогово: участок 314
 ... Пропускаем участок: ЭК Пирогово: участок 315
 ... Пропускаем участок: ЭК Пирогово: участок 316
 ... Пропускаем участок: ЭК Пирогово: участок 317
 ... Пропускаем участок: ЭК Пирогово: участок 318
 ... Пропускаем участок: ЭК Пирогово: участок 319
 ... Пропускаем участок: ЭК Пирогово: участок 320
 ... Пропускаем участок: ЭК Пирогово: участок 321
 ... Пропускаем участок: ЭК Пирогово: участок 322
 ... Пропускаем участок: ЭК Пирогово: участок 323
 ... Пропускаем участок: ЭК Пирогово: участок 324
 ... Пропускаем участок: ЭК Пирогово: участок 325
 ... Пропускаем участок: ЭК Пирогово: участок 326
 ... Пропускаем участок: ЭК Пирогово: участок 327
 ... Пропускаем участок: ЭК Пирогово: участок 328
 ... Пропускаем участок: ЭК Пирогово: участок 329
 ... Пропускаем участок: ЭК Пирогово: участок 330
 ... Пропускаем участок: ЭК Пирогово: участок 331
 ... Пропускаем участок: ЭК Пирогово: участок 332
 ... Пропускаем участок: ЭК Пирогово: участок 333
 ... Пропускаем участок: ЭК Пирогово: участок 334
 ... Пропускаем участок: ЭК Пирогово: участок 335
 ... Пропускаем участок: ЭК Пирогово: участок 336
 ... Пропускаем участок: ЭК Пирогово: участок 337
 ... Пропускаем участок: ЭК Пирогово: участок 338
 ... Пропускаем участок: ЭК Пирогово: участок 339
 ... Пропускаем участок: ЭК Пирогово: участок 340
 ... Пропускаем участок: ЭК Пирогово: участок 341
 ... Пропускаем участок: ЭК Пирогово: участок 342
 ... Пропускаем участок: ЭК Пирогово: участок 343
 ... Пропускаем участок: ЭК Пирогово: участок 344
 ... Пропускаем участок: ЭК Пирогово: участок 345
 ... Пропускаем участок: ЭК Пирогово: участок 346
 ... Пропускаем участок: ЭК Пирогово: участок 347
 ... Пропускаем участок: ЭК Пирогово: участок 348
 ... Пропускаем участок: ЭК Пирогово: участок 349
 ... Пропускаем участок: ЭК Пирогово: участок 350
 ... Пропускаем участок: ЭК Пирогово: участок 351
 ... Пропускаем участок: ЭК Пирогово: участок 352
 ... Пропускаем участок: ЭК Пирогово: участок 353
 ... Пропускаем участок: ЭК Пирогово: участок 354
 ... Пропускаем участок: ЭК Пирогово: участок 355
 ... Пропускаем участок: ЭК Пирогово: участок 356
 ... Пропускаем участок: ЭК Пирогово: участок 357
 ... Пропускаем участок: ЭК Пирогово: участок 358
 ... Пропускаем участок: ЭК Пирогово: участок 359
 ... Пропускаем участок: ЭК Пирогово: участок 360
 ... Пропускаем участок: ЭК Пирогово: участок 361
 ... Пропускаем участок: ЭК Пирогово: участок 362
 ... Пропускаем участок: ЭК Пирогово: участок 363
 ... Пропускаем участок: ЭК Пирогово: участок 371
 ... Пропускаем участок: ЭК Пирогово: участок 372
 ... Пропускаем участок: ЭК Пирогово: участок 373
 ... Пропускаем участок: ЭК Пирогово: участок 374
 ... Пропускаем участок: ЭК Пирогово: участок 375
 ... Пропускаем участок: ЭК Пирогово: участок 376
 ... Пропускаем участок: ЭК Пирогово: участок 377
 ... Пропускаем участок: ЭК Пирогово: участок 382
 ... Пропускаем участок: ЭК Пирогово: участок 383
 ... Пропускаем участок: ЭК Пирогово: участок 384
 ... Пропускаем участок: ЭК Пирогово: участок 385
 ... Пропускаем участок: ЭК Пирогово: участок 386
 ... Пропускаем участок: ЭК Пирогово: участок 387
 ... Пропускаем участок: ЭК Пирогово: участок 388
 ... Пропускаем участок: ЭК Пирогово: участок 389
 ... Пропускаем участок: ЭК Пирогово: участок 390
 ... Пропускаем участок: ЭК Пирогово: участок 391
 ... Пропускаем участок: ЭК Пирогово: участок 392
 ... Пропускаем участок: ЭК Пирогово: участок 393
 ... Пропускаем участок: ЭК Пирогово: участок 394
 ... Пропускаем участок: ЭК Пирогово: участок 395
 ... Пропускаем участок: ЭК Пирогово: участок 396
 ... Пропускаем участок: ЭК Пирогово: участок 397
 ... Пропускаем участок: ЭК Пирогово: участок 402
 ... Пропускаем участок: ЭК Пирогово: участок 403
 ... Пропускаем участок: ЭК Пирогово: участок 404
 ... Пропускаем участок: ЭК Пирогово: участок 405
 ... Пропускаем участок: ЭК Пирогово: участок 406
 ... Пропускаем участок: ЭК Пирогово: участок 407
 ... Пропускаем участок: ЭК Пирогово: участок 408
 ... Пропускаем участок: ЭК Пирогово: участок 409

Участки в фиде:
 - Свободно: 377
 - Продано: 32
 - Технический: 900

Первый

 ... Пропускаем участок: Первый: участок 11
 ... Пропускаем участок: Первый: участок 12
 ... Пропускаем участок: Первый: участок 13
 ... Пропускаем участок: Первый: участок 14
 ... Пропускаем участок: Первый: участок 15
 ... Пропускаем участок: Первый: участок 16
 ... Пропускаем участок: Первый: участок 17
 ... Пропускаем участок: Первый: участок 18
 ... Пропускаем участок: Первый: участок 19
 ... Пропускаем участок: Первый: участок 20
 ... Пропускаем участок: Первый: участок 21
 ... Пропускаем участок: Первый: участок 24
 ... Пропускаем участок: Первый: участок 25
 ... Пропускаем участок: Первый: участок 26
 ... Пропускаем участок: Первый: участок 27
 ... Пропускаем участок: Первый: участок 28
 ... Пропускаем участок: Первый: участок 29
 ... Пропускаем участок: Первый: участок 36
 ... Пропускаем участок: Первый: участок 37
 ... Пропускаем участок: Первый: участок 39
 ... Пропускаем участок: Первый: участок 40
 ... Пропускаем участок: Первый: участок 41
 ... Пропускаем участок: Первый: участок 43
 ... Пропускаем участок: Первый: участок 44
 ... Пропускаем участок: Первый: участок 51
 ... Пропускаем участок: Первый: участок 52
 ... Пропускаем участок: Первый: участок 53

Участки в фиде:
 - Свободно: 39
 - Продано: 25
 - Технический: 0

Карцево

 ... Пропускаем участок: Карцево: участок 14
 ... Пропускаем участок: Карцево: участок 15
 ... Пропускаем участок: Карцево: участок 18
 ... Пропускаем участок: Карцево: участок 22
 ... Пропускаем участок: Карцево: участок 23
 ... Пропускаем участок: Карцево: участок 30
 ... Пропускаем участок: Карцево: участок 31
 ... Пропускаем участок: Карцево: участок 32
 ... Пропускаем участок: Карцево: участок 33
 ... Пропускаем участок: Карцево: участок 34
 ... Пропускаем участок: Карцево: участок 35
 ... Пропускаем участок: Карцево: участок 36
 ... Пропускаем участок: Карцево: участок 37
 ... Пропускаем участок: Карцево: участок 38
 ... Пропускаем участок: Карцево: участок 39
 ... Пропускаем участок: Карцево: участок 40
 ... Пропускаем участок: Карцево: участок 41
 ... Пропускаем участок: Карцево: участок 42
 ... Пропускаем участок: Карцево: участок 43
 ... Пропускаем участок: Карцево: участок 44
 ... Пропускаем участок: Карцево: участок 45
 ... Пропускаем участок: Карцево: участок 46
 ... Пропускаем участок: Карцево: участок 47
 ... Пропускаем участок: Карцево: участок 51
 ... Пропускаем участок: Карцево: участок 54
 ... Пропускаем участок: Карцево: участок 55
 ... Пропускаем участок: Карцево: участок 60
 ... Пропускаем участок: Карцево: участок 64
 ... Пропускаем участок: Карцево: участок 65
 ... Пропускаем участок: Карцево: участок 66
 ... Пропускаем участок: Карцево: участок 67
 ... Пропускаем участок: Карцево: участок 68
 ... Пропускаем участок: Карцево: участок 69
 ... Пропускаем участок: Карцево: участок 70
 ... Пропускаем участок: Карцево: участок 71
 ... Пропускаем участок: Карцево: участок 74
 ... Пропускаем участок: Карцево: участок 75
 ... Пропускаем участок: Карцево: участок 80
 ... Пропускаем участок: Карцево: участок 81
 ... Пропускаем участок: Карцево: участок 82
 ... Пропускаем участок: Карцево: участок 83
 ... Пропускаем участок: Карцево: участок 84
 ... Пропускаем участок: Карцево: участок 85
 ... Пропускаем участок: Карцево: участок 86
 ... Пропускаем участок: Карцево: участок 87
 ... Пропускаем участок: Карцево: участок 89
 ... Пропускаем участок: Карцево: участок 90
 ... Пропускаем участок: Карцево: участок 91
 ... Пропускаем участок: Карцево: участок 92
 ... Пропускаем участок: Карцево: участок 93
 ... Пропускаем участок: Карцево: участок 94
 ... Пропускаем участок: Карцево: участок 95
 ... Пропускаем участок: Карцево: участок 99
 ... Пропускаем участок: Карцево: участок 100
 ... Пропускаем участок: Карцево: участок 101
 ... Пропускаем участок: Карцево: участок 102
 ... Пропускаем участок: Карцево: участок 103
 ... Пропускаем участок: Карцево: участок 104
 ... Пропускаем участок: Карцево: участок 105
 ... Пропускаем участок: Карцево: участок 106
 ... Пропускаем участок: Карцево: участок 107
 ... Пропускаем участок: Карцево: участок 108
 ... Пропускаем участок: Карцево: участок 109
 ... Пропускаем участок: Карцево: участок 110
 ... Пропускаем участок: Карцево: участок 111
 ... Пропускаем участок: Карцево: участок 112
 ... Пропускаем участок: Карцево: участок 113
 ... Пропускаем участок: Карцево: участок 114
 ... Пропускаем участок: Карцево: участок 115
 ... Пропускаем участок: Карцево: участок 116
 ... Пропускаем участок: Карцево: участок 117
 ... Пропускаем участок: Карцево: участок 118
 ... Пропускаем участок: Карцево: участок 119
 ... Пропускаем участок: Карцево: участок 120
 ... Пропускаем участок: Карцево: участок 121
 ... Пропускаем участок: Карцево: участок 122
 ... Пропускаем участок: Карцево: участок 123
 ... Пропускаем участок: Карцево: участок 124
 ... Пропускаем участок: Карцево: участок 125
 ... Пропускаем участок: Карцево: участок 126
 ... Пропускаем участок: Карцево: участок 127
 ... Пропускаем участок: Карцево: участок 128
 ... Пропускаем участок: Карцево: участок 129
 ... Пропускаем участок: Карцево: участок 130
 ... Пропускаем участок: Карцево: участок 131
 ... Пропускаем участок: Карцево: участок 132
 ... Пропускаем участок: Карцево: участок 133
 ... Пропускаем участок: Карцево: участок 134
 ... Пропускаем участок: Карцево: участок 135
 ... Пропускаем участок: Карцево: участок 137
 ... Пропускаем участок: Карцево: участок 140
 ... Пропускаем участок: Карцево: участок 141
 ... Пропускаем участок: Карцево: участок 142
 ... Пропускаем участок: Карцево: участок 143
 ... Пропускаем участок: Карцево: участок 146
 ... Пропускаем участок: Карцево: участок 151
 ... Пропускаем участок: Карцево: участок 152
 ... Пропускаем участок: Карцево: участок 153
 ... Пропускаем участок: Карцево: участок 154
 ... Пропускаем участок: Карцево: участок 155
 ... Пропускаем участок: Карцево: участок 157
 ... Пропускаем участок: Карцево: участок 158
 ... Пропускаем участок: Карцево: участок 159
 ... Пропускаем участок: Карцево: участок 160
 ... Пропускаем участок: Карцево: участок 161
 ... Пропускаем участок: Карцево: участок 162
 ... Пропускаем участок: Карцево: участок 163
 ... Пропускаем участок: Карцево: участок 164
 ... Пропускаем участок: Карцево: участок 168
 ... Пропускаем участок: Карцево: участок 171
 ... Пропускаем участок: Карцево: участок 172
 ... Пропускаем участок: Карцево: участок 183
 ... Пропускаем участок: Карцево: участок 184
 ... Пропускаем участок: Карцево: участок 190
 ... Пропускаем участок: Карцево: участок 191
 ... Пропускаем участок: Карцево: участок 192
 ... Пропускаем участок: Карцево: участок 193
 ... Пропускаем участок: Карцево: участок 194
 ... Пропускаем участок: Карцево: участок 195
 ... Пропускаем участок: Карцево: участок 196
 ... Пропускаем участок: Карцево: участок 198
 ... Пропускаем участок: Карцево: участок 201
 ... Пропускаем участок: Карцево: участок 202
 ... Пропускаем участок: Карцево: участок 203
 ... Пропускаем участок: Карцево: участок 204
 ... Пропускаем участок: Карцево: участок 205
 ... Пропускаем участок: Карцево: участок 212
 ... Пропускаем участок: Карцево: участок 213
 ... Пропускаем участок: Карцево: участок 214
 ... Пропускаем участок: Карцево: участок 215
 ... Пропускаем участок: Карцево: участок 216
 ... Пропускаем участок: Карцево: участок 217
 ... Пропускаем участок: Карцево: участок 218
 ... Пропускаем участок: Карцево: участок 219
 ... Пропускаем участок: Карцево: участок 220
 ... Пропускаем участок: Карцево: участок 221
 ... Пропускаем участок: Карцево: участок 222
 ... Пропускаем участок: Карцево: участок 223
 ... Пропускаем участок: Карцево: участок 224
 ... Пропускаем участок: Карцево: участок 225
 ... Пропускаем участок: Карцево: участок 226
 ... Пропускаем участок: Карцево: участок 227
 ... Пропускаем участок: Карцево: участок 229
 ... Пропускаем участок: Карцево: участок 230
 ... Пропускаем участок: Карцево: участок 231
 ... Пропускаем участок: Карцево: участок 232
 ... Пропускаем участок: Карцево: участок 233
 ... Пропускаем участок: Карцево: участок 234
 ... Пропускаем участок: Карцево: участок 235
 ... Пропускаем участок: Карцево: участок 236
 ... Пропускаем участок: Карцево: участок 237
 ... Пропускаем участок: Карцево: участок 242
 ... Пропускаем участок: Карцево: участок 243
 ... Пропускаем участок: Карцево: участок 244
 ... Пропускаем участок: Карцево: участок 245
 ... Пропускаем участок: Карцево: участок 251
 ... Пропускаем участок: Карцево: участок 252
 ... Пропускаем участок: Карцево: участок 253
 ... Пропускаем участок: Карцево: участок 254
 ... Пропускаем участок: Карцево: участок 255
 ... Пропускаем участок: Карцево: участок 256
 ... Пропускаем участок: Карцево: участок 257
 ... Пропускаем участок: Карцево: участок 258
 ... Пропускаем участок: Карцево: участок 259
 ... Пропускаем участок: Карцево: участок 260
 ... Пропускаем участок: Карцево: участок 262
 ... Пропускаем участок: Карцево: участок 263
 ... Пропускаем участок: Карцево: участок 264
 ... Пропускаем участок: Карцево: участок 265
 ... Пропускаем участок: Карцево: участок 266
 ... Пропускаем участок: Карцево: участок 267
 ... Пропускаем участок: Карцево: участок 268
 ... Пропускаем участок: Карцево: участок 269
 ... Пропускаем участок: Карцево: участок 272
 ... Пропускаем участок: Карцево: участок 273
 ... Пропускаем участок: Карцево: участок 274
 ... Пропускаем участок: Карцево: участок 275
 ... Пропускаем участок: Карцево: участок 276
 ... Пропускаем участок: Карцево: участок 277
 ... Пропускаем участок: Карцево: участок 278
 ... Пропускаем участок: Карцево: участок 280
 ... Пропускаем участок: Карцево: участок 281
 ... Пропускаем участок: Карцево: участок 282
 ... Пропускаем участок: Карцево: участок 283
 ... Пропускаем участок: Карцево: участок 284
 ... Пропускаем участок: Карцево: участок 285
 ... Пропускаем участок: Карцево: участок 286
 ... Пропускаем участок: Карцево: участок 292
 ... Пропускаем участок: Карцево: участок 293
 ... Пропускаем участок: Карцево: участок 294
 ... Пропускаем участок: Карцево: участок 295
 ... Пропускаем участок: Карцево: участок 296
 ... Пропускаем участок: Карцево: участок 298
 ... Пропускаем участок: Карцево: участок 299
 ... Пропускаем участок: Карцево: участок 300
 ... Пропускаем участок: Карцево: участок 301
 ... Пропускаем участок: Карцево: участок 302
 ... Пропускаем участок: Карцево: участок 303
 ... Пропускаем участок: Карцево: участок 308
 ... Пропускаем участок: Карцево: участок 309
 ... Пропускаем участок: Карцево: участок 310
 ... Пропускаем участок: Карцево: участок 311
 ... Пропускаем участок: Карцево: участок 312
 ... Пропускаем участок: Карцево: участок 314
 ... Пропускаем участок: Карцево: участок 315
 ... Пропускаем участок: Карцево: участок 316
 ... Пропускаем участок: Карцево: участок 317
 ... Пропускаем участок: Карцево: участок 318
 ... Пропускаем участок: Карцево: участок 323
 ... Пропускаем участок: Карцево: участок 324
 ... Пропускаем участок: Карцево: участок 325
 ... Пропускаем участок: Карцево: участок 328
 ... Пропускаем участок: Карцево: участок 329
 ... Пропускаем участок: Карцево: участок 330
 ... Пропускаем участок: Карцево: участок 331
 ... Пропускаем участок: Карцево: участок 335
 ... Пропускаем участок: Карцево: участок 336
 ... Пропускаем участок: Карцево: участок 337
 ... Пропускаем участок: Карцево: участок 338
 ... Пропускаем участок: Карцево: участок 339
 ... Пропускаем участок: Карцево: участок 340
 ... Пропускаем участок: Карцево: участок 342
 ... Пропускаем участок: Карцево: участок 343
 ... Пропускаем участок: Карцево: участок 344
 ... Пропускаем участок: Карцево: участок 346
 ... Пропускаем участок: Карцево: участок 349
 ... Пропускаем участок: Карцево: участок 355
 ... Пропускаем участок: Карцево: участок 357
 ... Пропускаем участок: Карцево: участок 359
 ... Пропускаем участок: Карцево: участок 360
 ... Пропускаем участок: Карцево: участок 363
 ... Пропускаем участок: Карцево: участок 364
 ... Пропускаем участок: Карцево: участок 367
 ... Пропускаем участок: Карцево: участок 368
 ... Пропускаем участок: Карцево: участок 371
 ... Пропускаем участок: Карцево: участок 372
 ... Пропускаем участок: Карцево: участок 382
 ... Пропускаем участок: Карцево: участок 385
 ... Пропускаем участок: Карцево: участок 387
 ... Пропускаем участок: Карцево: участок 389
 ... Пропускаем участок: Карцево: участок 408
 ... Пропускаем участок: Карцево: участок 423
 ... Пропускаем участок: Карцево: участок 425
 ... Пропускаем участок: Карцево: участок 426
 ... Пропускаем участок: Карцево: участок 427
 ... Пропускаем участок: Карцево: участок 428
 ... Пропускаем участок: Карцево: участок 430
 ... Пропускаем участок: Карцево: участок 431
 ... Пропускаем участок: Карцево: участок 432
 ... Пропускаем участок: Карцево: участок 433
 ... Пропускаем участок: Карцево: участок 434
 ... Пропускаем участок: Карцево: участок 435
 ... Пропускаем участок: Карцево: участок 436
 ... Пропускаем участок: Карцево: участок 437
 ... Пропускаем участок: Карцево: участок 438
 ... Пропускаем участок: Карцево: участок 439
 ... Пропускаем участок: Карцево: участок 440
 ... Пропускаем участок: Карцево: участок 441
 ... Пропускаем участок: Карцево: участок 442
 ... Пропускаем участок: Карцево: участок 443
 ... Пропускаем участок: Карцево: участок 450
 ... Пропускаем участок: Карцево: участок 451
 ... Пропускаем участок: Карцево: участок 452
 ... Пропускаем участок: Карцево: участок 453
 ... Пропускаем участок: Карцево: участок 454
 ... Пропускаем участок: Карцево: участок 455
 ... Пропускаем участок: Карцево: участок 456
 ... Пропускаем участок: Карцево: участок 457
 ... Пропускаем участок: Карцево: участок 458
 ... Пропускаем участок: Карцево: участок 459
 ... Пропускаем участок: Карцево: участок 460
 ... Пропускаем участок: Карцево: участок 465
 ... Пропускаем участок: Карцево: участок 466
 ... Пропускаем участок: Карцево: участок 467
 ... Пропускаем участок: Карцево: участок 468
 ... Пропускаем участок: Карцево: участок 469
 ... Пропускаем участок: Карцево: участок 470
 ... Пропускаем участок: Карцево: участок 471
 ... Пропускаем участок: Карцево: участок 472
 ... Пропускаем участок: Карцево: участок 473
 ... Пропускаем участок: Карцево: участок 474
 ... Пропускаем участок: Карцево: участок 475
 ... Пропускаем участок: Карцево: участок 476
 ... Пропускаем участок: Карцево: участок 477
 ... Пропускаем участок: Карцево: участок 478
 ... Пропускаем участок: Карцево: участок 479
 ... Пропускаем участок: Карцево: участок 480
 ... Пропускаем участок: Карцево: участок 481
 ... Пропускаем участок: Карцево: участок 482
 ... Пропускаем участок: Карцево: участок 483
 ... Пропускаем участок: Карцево: участок 484
 ... Пропускаем участок: Карцево: участок 485
 ... Пропускаем участок: Карцево: участок 502
 ... Пропускаем участок: Карцево: участок 503
 ... Пропускаем участок: Карцево: участок 504
 ... Пропускаем участок: Карцево: участок 505
 ... Пропускаем участок: Карцево: участок 506
 ... Пропускаем участок: Карцево: участок 507
 ... Пропускаем участок: Карцево: участок 508
 ... Пропускаем участок: Карцево: участок 509
 ... Пропускаем участок: Карцево: участок 510
 ... Пропускаем участок: Карцево: участок 511
 ... Пропускаем участок: Карцево: участок 512
 ... Пропускаем участок: Карцево: участок 513
 ... Пропускаем участок: Карцево: участок 514
 ... Пропускаем участок: Карцево: участок 515
 ... Пропускаем участок: Карцево: участок 516
 ... Пропускаем участок: Карцево: участок 517
 ... Пропускаем участок: Карцево: участок 518
 ... Пропускаем участок: Карцево: участок 519
 ... Пропускаем участок: Карцево: участок 520
 ... Пропускаем участок: Карцево: участок 521
 ... Пропускаем участок: Карцево: участок 523
 ... Пропускаем участок: Карцево: участок 532
 ... Пропускаем участок: Карцево: участок 534
 ... Пропускаем участок: Карцево: участок 536
 ... Пропускаем участок: Карцево: участок 537
 ... Пропускаем участок: Карцево: участок 538
 ... Пропускаем участок: Карцево: участок 539
 ... Пропускаем участок: Карцево: участок 540
 ... Пропускаем участок: Карцево: участок 546
 ... Пропускаем участок: Карцево: участок 549
 ... Пропускаем участок: Карцево: участок 550
 ... Пропускаем участок: Карцево: участок 551
 ... Пропускаем участок: Карцево: участок 552
 ... Пропускаем участок: Карцево: участок 553
 ... Пропускаем участок: Карцево: участок 554
 ... Пропускаем участок: Карцево: участок 555
 ... Пропускаем участок: Карцево: участок 557
 ... Пропускаем участок: Карцево: участок 558
 ... Пропускаем участок: Карцево: участок 569
 ... Пропускаем участок: Карцево: участок 570
 ... Пропускаем участок: Карцево: участок 571
 ... Пропускаем участок: Карцево: участок 572
 ... Пропускаем участок: Карцево: участок 583
 ... Пропускаем участок: Карцево: участок 584
 ... Пропускаем участок: Карцево: участок 585
 ... Пропускаем участок: Карцево: участок 586
 ... Пропускаем участок: Карцево: участок 587
 ... Пропускаем участок: Карцево: участок 588
 ... Пропускаем участок: Карцево: участок 589
 ... Пропускаем участок: Карцево: участок 590
 ... Пропускаем участок: Карцево: участок 591
 ... Пропускаем участок: Карцево: участок 593
 ... Пропускаем участок: Карцево: участок 595
 ... Пропускаем участок: Карцево: участок 596
 ... Пропускаем участок: Карцево: участок 597
 ... Пропускаем участок: Карцево: участок 598
 ... Пропускаем участок: Карцево: участок 599
 ... Пропускаем участок: Карцево: участок 600
 ... Пропускаем участок: Карцево: участок 601
 ... Пропускаем участок: Карцево: участок 602
 ... Пропускаем участок: Карцево: участок 603
 ... Пропускаем участок: Карцево: участок 604
 ... Пропускаем участок: Карцево: участок 606
 ... Пропускаем участок: Карцево: участок 607
 ... Пропускаем участок: Карцево: участок 614
 ... Пропускаем участок: Карцево: участок 615
 ... Пропускаем участок: Карцево: участок 616
 ... Пропускаем участок: Карцево: участок 617
 ... Пропускаем участок: Карцево: участок 618
 ... Пропускаем участок: Карцево: участок 628
 ... Пропускаем участок: Карцево: участок 629
 ... Пропускаем участок: Карцево: участок 630
 ... Пропускаем участок: Карцево: участок 631
 ... Пропускаем участок: Карцево: участок 632
 ... Пропускаем участок: Карцево: участок 633
 ... Пропускаем участок: Карцево: участок 634
 ... Пропускаем участок: Карцево: участок 635
 ... Пропускаем участок: Карцево: участок 636
 ... Пропускаем участок: Карцево: участок 637
 ... Пропускаем участок: Карцево: участок 640
 ... Пропускаем участок: Карцево: участок 641
 ... Пропускаем участок: Карцево: участок 643
 ... Пропускаем участок: Карцево: участок 644
 ... Пропускаем участок: Карцево: участок 645
 ... Пропускаем участок: Карцево: участок 646
 ... Пропускаем участок: Карцево: участок 647
 ... Пропускаем участок: Карцево: участок 648
 ... Пропускаем участок: Карцево: участок 649
 ... Пропускаем участок: Карцево: участок 650
 ... Пропускаем участок: Карцево: участок 651
 ... Пропускаем участок: Карцево: участок 652
 ... Пропускаем участок: Карцево: участок 653
 ... Пропускаем участок: Карцево: участок 654
 ... Пропускаем участок: Карцево: участок 655
 ... Пропускаем участок: Карцево: участок 656
 ... Пропускаем участок: Карцево: участок 657
 ... Пропускаем участок: Карцево: участок 659
 ... Пропускаем участок: Карцево: участок 660
 ... Пропускаем участок: Карцево: участок 661
 ... Пропускаем участок: Карцево: участок 662
 ... Пропускаем участок: Карцево: участок 663
 ... Пропускаем участок: Карцево: участок 664
 ... Пропускаем участок: Карцево: участок 665
 ... Пропускаем участок: Карцево: участок 666
 ... Пропускаем участок: Карцево: участок 667
 ... Пропускаем участок: Карцево: участок 668
 ... Пропускаем участок: Карцево: участок 669
 ... Пропускаем участок: Карцево: участок 670
 ... Пропускаем участок: Карцево: участок 671
 ... Пропускаем участок: Карцево: участок 672
 ... Пропускаем участок: Карцево: участок 673
 ... Пропускаем участок: Карцево: участок 674
 ... Пропускаем участок: Карцево: участок 675
 ... Пропускаем участок: Карцево: участок 676
 ... Пропускаем участок: Карцево: участок 677
 ... Пропускаем участок: Карцево: участок 678
 ... Пропускаем участок: Карцево: участок 679
 ... Пропускаем участок: Карцево: участок 682
 ... Пропускаем участок: Карцево: участок 683
 ... Пропускаем участок: Карцево: участок 684
 ... Пропускаем участок: Карцево: участок 685
 ... Пропускаем участок: Карцево: участок 686
 ... Пропускаем участок: Карцево: участок 687
 ... Пропускаем участок: Карцево: участок 688
 ... Пропускаем участок: Карцево: участок 689
 ... Пропускаем участок: Карцево: участок 690
 ... Пропускаем участок: Карцево: участок 691
 ... Пропускаем участок: Карцево: участок 692
 ... Пропускаем участок: Карцево: участок 693
 ... Пропускаем участок: Карцево: участок 694
 ... Пропускаем участок: Карцево: участок 695
 ... Пропускаем участок: Карцево: участок 696
 ... Пропускаем участок: Карцево: участок 697
 ... Пропускаем участок: Карцево: участок 698
 ... Пропускаем участок: Карцево: участок 700
 ... Пропускаем участок: Карцево: участок 701
 ... Пропускаем участок: Карцево: участок 702
 ... Пропускаем участок: Карцево: участок 703
 ... Пропускаем участок: Карцево: участок 704
 ... Пропускаем участок: Карцево: участок 705
 ... Пропускаем участок: Карцево: участок 706
 ... Пропускаем участок: Карцево: участок 707
 ... Пропускаем участок: Карцево: участок 708
 ... Пропускаем участок: Карцево: участок 709
 ... Пропускаем участок: Карцево: участок 710
 ... Пропускаем участок: Карцево: участок 712
 ... Пропускаем участок: Карцево: участок 713
 ... Пропускаем участок: Карцево: участок 714
 ... Пропускаем участок: Карцево: участок 715
 ... Пропускаем участок: Карцево: участок 716
 ... Пропускаем участок: Карцево: участок 717
 ... Пропускаем участок: Карцево: участок 718
 ... Пропускаем участок: Карцево: участок 719
 ... Пропускаем участок: Карцево: участок 720
 ... Пропускаем участок: Карцево: участок 721
 ... Пропускаем участок: Карцево: участок 722
 ... Пропускаем участок: Карцево: участок 723
 ... Пропускаем участок: Карцево: участок 724
 ... Пропускаем участок: Карцево: участок 725
 ... Пропускаем участок: Карцево: участок 728
 ... Пропускаем участок: Карцево: участок 729
 ... Пропускаем участок: Карцево: участок 730
 ... Пропускаем участок: Карцево: участок 731
 ... Пропускаем участок: Карцево: участок 732
 ... Пропускаем участок: Карцево: участок 733
 ... Пропускаем участок: Карцево: участок 734
 ... Пропускаем участок: Карцево: участок 737
 ... Пропускаем участок: Карцево: участок 738
 ... Пропускаем участок: Карцево: участок 739
 ... Пропускаем участок: Карцево: участок 740
 ... Пропускаем участок: Карцево: участок 741
 ... Пропускаем участок: Карцево: участок 742
 ... Пропускаем участок: Карцево: участок 743
 ... Пропускаем участок: Карцево: участок 744
 ... Пропускаем участок: Карцево: участок 745
 ... Пропускаем участок: Карцево: участок 746
 ... Пропускаем участок: Карцево: участок 748
 ... Пропускаем участок: Карцево: участок 749
 ... Пропускаем участок: Карцево: участок 750
 ... Пропускаем участок: Карцево: участок 752
 ... Пропускаем участок: Карцево: участок 753
 ... Пропускаем участок: Карцево: участок 754
 ... Пропускаем участок: Карцево: участок 758
 ... Пропускаем участок: Карцево: участок 759
 ... Пропускаем участок: Карцево: участок 760
 ... Пропускаем участок: Карцево: участок 761
 ... Пропускаем участок: Карцево: участок 762
 ... Пропускаем участок: Карцево: участок 763
 ... Пропускаем участок: Карцево: участок 764
 ... Пропускаем участок: Карцево: участок 765
 ... Пропускаем участок: Карцево: участок 766
 ... Пропускаем участок: Карцево: участок 767
 ... Пропускаем участок: Карцево: участок 768
 ... Пропускаем участок: Карцево: участок 769
 ... Пропускаем участок: Карцево: участок 771
 ... Пропускаем участок: Карцево: участок 773
 ... Пропускаем участок: Карцево: участок 784
 ... Пропускаем участок: Карцево: участок 785
 ... Пропускаем участок: Карцево: участок 786
 ... Пропускаем участок: Карцево: участок 788
 ... Пропускаем участок: Карцево: участок 789
 ... Пропускаем участок: Карцево: участок 790
 ... Пропускаем участок: Карцево: участок 791
 ... Пропускаем участок: Карцево: участок 794
 ... Пропускаем участок: Карцево: участок 795
 ... Пропускаем участок: Карцево: участок 796
 ... Пропускаем участок: Карцево: участок 797
 ... Пропускаем участок: Карцево: участок 798
 ... Пропускаем участок: Карцево: участок 799
 ... Пропускаем участок: Карцево: участок 800
 ... Пропускаем участок: Карцево: участок 801
 ... Пропускаем участок: Карцево: участок 802
 ... Пропускаем участок: Карцево: участок 803
 ... Пропускаем участок: Карцево: участок 804
 ... Пропускаем участок: Карцево: участок 805
 ... Пропускаем участок: Карцево: участок 806
 ... Пропускаем участок: Карцево: участок 807
 ... Пропускаем участок: Карцево: участок 808
 ... Пропускаем участок: Карцево: участок 811
 ... Пропускаем участок: Карцево: участок 812
 ... Пропускаем участок: Карцево: участок 819
 ... Пропускаем участок: Карцево: участок 820
 ... Пропускаем участок: Карцево: участок 825
 ... Пропускаем участок: Карцево: участок 827
 ... Пропускаем участок: Карцево: участок 837
 ... Пропускаем участок: Карцево: участок 838
 ... Пропускаем участок: Карцево: участок 839
 ... Пропускаем участок: Карцево: участок 844
 ... Пропускаем участок: Карцево: участок 845
 ... Пропускаем участок: Карцево: участок 846
 ... Пропускаем участок: Карцево: участок 847
 ... Пропускаем участок: Карцево: участок 848
 ... Пропускаем участок: Карцево: участок 849
 ... Пропускаем участок: Карцево: участок 853
 ... Пропускаем участок: Карцево: участок 855
 ... Пропускаем участок: Карцево: участок 856
 ... Пропускаем участок: Карцево: участок 857
 ... Пропускаем участок: Карцево: участок 858
 ... Пропускаем участок: Карцево: участок 859
 ... Пропускаем участок: Карцево: участок 860
 ... Пропускаем участок: Карцево: участок 863
 ... Пропускаем участок: Карцево: участок 871
 ... Пропускаем участок: Карцево: участок 872
 ... Пропускаем участок: Карцево: участок 880
 ... Пропускаем участок: Карцево: участок 882
 ... Пропускаем участок: Карцево: участок 883
 ... Пропускаем участок: Карцево: участок 884
 ... Пропускаем участок: Карцево: участок 885
 ... Пропускаем участок: Карцево: участок 886
 ... Пропускаем участок: Карцево: участок 887
 ... Пропускаем участок: Карцево: участок 888
 ... Пропускаем участок: Карцево: участок 889
 ... Пропускаем участок: Карцево: участок 890
 ... Пропускаем участок: Карцево: участок 891
 ... Пропускаем участок: Карцево: участок 892
 ... Пропускаем участок: Карцево: участок 893
 ... Пропускаем участок: Карцево: участок 894
 ... Пропускаем участок: Карцево: участок 895
 ... Пропускаем участок: Карцево: участок 896
 ... Пропускаем участок: Карцево: участок 897
 ... Пропускаем участок: Карцево: участок 898
 ... Пропускаем участок: Карцево: участок 899
 ... Пропускаем участок: Карцево: участок 900
 ... Пропускаем участок: Карцево: участок 901
 ... Пропускаем участок: Карцево: участок 902
 ... Пропускаем участок: Карцево: участок 903
 ... Пропускаем участок: Карцево: участок 906
 ... Пропускаем участок: Карцево: участок 907
 ... Пропускаем участок: Карцево: участок 911
 ... Пропускаем участок: Карцево: участок 912
 ... Пропускаем участок: Карцево: участок 913
 ... Пропускаем участок: Карцево: участок 914
 ... Пропускаем участок: Карцево: участок 915
 ... Пропускаем участок: Карцево: участок 916
 ... Пропускаем участок: Карцево: участок 917
 ... Пропускаем участок: Карцево: участок 918
 ... Пропускаем участок: Карцево: участок 919
 ... Пропускаем участок: Карцево: участок 920
 ... Пропускаем участок: Карцево: участок 921
 ... Пропускаем участок: Карцево: участок 928
 ... Пропускаем участок: Карцево: участок 929
 ... Пропускаем участок: Карцево: участок 930
 ... Пропускаем участок: Карцево: участок 931
 ... Пропускаем участок: Карцево: участок 932
 ... Пропускаем участок: Карцево: участок 933
 ... Пропускаем участок: Карцево: участок 934
 ... Пропускаем участок: Карцево: участок 935
 ... Пропускаем участок: Карцево: участок 936
 ... Пропускаем участок: Карцево: участок 937
 ... Пропускаем участок: Карцево: участок 938
 ... Пропускаем участок: Карцево: участок 939
 ... Пропускаем участок: Карцево: участок 940
 ... Пропускаем участок: Карцево: участок 941
 ... Пропускаем участок: Карцево: участок 942
 ... Пропускаем участок: Карцево: участок 943
 ... Пропускаем участок: Карцево: участок 944
 ... Пропускаем участок: Карцево: участок 946
 ... Пропускаем участок: Карцево: участок 947
 ... Пропускаем участок: Карцево: участок 948
 ... Пропускаем участок: Карцево: участок 951
 ... Пропускаем участок: Карцево: участок 952
 ... Пропускаем участок: Карцево: участок 953
 ... Пропускаем участок: Карцево: участок 954
 ... Пропускаем участок: Карцево: участок 955
 ... Пропускаем участок: Карцево: участок 956
 ... Пропускаем участок: Карцево: участок 958
 ... Пропускаем участок: Карцево: участок 959
 ... Пропускаем участок: Карцево: участок 960
 ... Пропускаем участок: Карцево: участок 961
 ... Пропускаем участок: Карцево: участок 964
 ... Пропускаем участок: Карцево: участок 970
 ... Пропускаем участок: Карцево: участок 971
 ... Пропускаем участок: Карцево: участок 972
 ... Пропускаем участок: Карцево: участок 973
 ... Пропускаем участок: Карцево: участок 974
 ... Пропускаем участок: Карцево: участок 975
 ... Пропускаем участок: Карцево: участок 976
 ... Пропускаем участок: Карцево: участок 977
 ... Пропускаем участок: Карцево: участок 978
 ... Пропускаем участок: Карцево: участок 979
 ... Пропускаем участок: Карцево: участок 980
 ... Пропускаем участок: Карцево: участок 981
 ... Пропускаем участок: Карцево: участок 982
 ... Пропускаем участок: Карцево: участок 983
 ... Пропускаем участок: Карцево: участок 986
 ... Пропускаем участок: Карцево: участок 987
 ... Пропускаем участок: Карцево: участок 988
 ... Пропускаем участок: Карцево: участок 989
 ... Пропускаем участок: Карцево: участок 990
 ... Пропускаем участок: Карцево: участок 991
 ... Пропускаем участок: Карцево: участок 992
 ... Пропускаем участок: Карцево: участок 993
 ... Пропускаем участок: Карцево: участок 994
 ... Пропускаем участок: Карцево: участок 995
 ... Пропускаем участок: Карцево: участок 996
 ... Пропускаем участок: Карцево: участок 997
 ... Пропускаем участок: Карцево: участок 998
 ... Пропускаем участок: Карцево: участок 999
 ... Пропускаем участок: Карцево: участок 1000
 ... Пропускаем участок: Карцево: участок 1002
 ... Пропускаем участок: Карцево: участок 1003
 ... Пропускаем участок: Карцево: участок 1006
 ... Пропускаем участок: Карцево: участок 1007
 ... Пропускаем участок: Карцево: участок 1008
 ... Пропускаем участок: Карцево: участок 1009
 ... Пропускаем участок: Карцево: участок 1010
 ... Пропускаем участок: Карцево: участок 1012
 ... Пропускаем участок: Карцево: участок 1013
 ... Пропускаем участок: Карцево: участок 1014
 ... Пропускаем участок: Карцево: участок 1015
 ... Пропускаем участок: Карцево: участок 1019
 ... Пропускаем участок: Карцево: участок 1020
 ... Пропускаем участок: Карцево: участок 1021
 ... Пропускаем участок: Карцево: участок 1022
 ... Пропускаем участок: Карцево: участок 1023
 ... Пропускаем участок: Карцево: участок 1024
 ... Пропускаем участок: Карцево: участок 1025
 ... Пропускаем участок: Карцево: участок 1026
 ... Пропускаем участок: Карцево: участок 1027
 ... Пропускаем участок: Карцево: участок 1028
 ... Пропускаем участок: Карцево: участок 1029
 ... Пропускаем участок: Карцево: участок 1032
 ... Пропускаем участок: Карцево: участок 1033
 ... Пропускаем участок: Карцево: участок 1036
 ... Пропускаем участок: Карцево: участок 1037
 ... Пропускаем участок: Карцево: участок 1038
 ... Пропускаем участок: Карцево: участок 1039
 ... Пропускаем участок: Карцево: участок 1044
 ... Пропускаем участок: Карцево: участок 1045
 ... Пропускаем участок: Карцево: участок 1046
 ... Пропускаем участок: Карцево: участок 1047
 ... Пропускаем участок: Карцево: участок 1048
 ... Пропускаем участок: Карцево: участок 1049
 ... Пропускаем участок: Карцево: участок 1050
 ... Пропускаем участок: Карцево: участок 1051
 ... Пропускаем участок: Карцево: участок 1054
 ... Пропускаем участок: Карцево: участок 1055
 ... Пропускаем участок: Карцево: участок 1056
 ... Пропускаем участок: Карцево: участок 1059
 ... Пропускаем участок: Карцево: участок 1060
 ... Пропускаем участок: Карцево: участок 1061
 ... Пропускаем участок: Карцево: участок 1062
 ... Пропускаем участок: Карцево: участок 1063
 ... Пропускаем участок: Карцево: участок 1064
 ... Пропускаем участок: Карцево: участок 1065
 ... Пропускаем участок: Карцево: участок 1066
 ... Пропускаем участок: Карцево: участок 1070
 ... Пропускаем участок: Карцево: участок 1071

Участки в фиде:
 - Свободно: 875
 - Продано: 196
 - Технический: 2

