 --- 16.12.2022 23:00:02 --- 
XML Developer: zemform

Шадрино

Обновляем участок: Шадрино: участок 5
Обновляем участок: Шадрино: участок 6
 ... Пропускаем участок: Шадрино: участок 12
Обновляем участок: Шадрино: участок 29
 ... Пропускаем участок: Шадрино: участок 34
 ... Пропускаем участок: Шадрино: участок 56
Обновляем участок: Шадрино: участок 64
Обновляем участок: Шадрино: участок 98
Обновляем участок: Шадрино: участок 110
 ... Пропускаем участок: Шадрино: участок 111
 ... Пропускаем участок: Шадрино: участок 112
 ... Пропускаем участок: Шадрино: участок 118
 ... Пропускаем участок: Шадрино: участок 129
 ... Пропускаем участок: Шадрино: участок 130
 ... Пропускаем участок: Шадрино: участок 131
 ... Пропускаем участок: Шадрино: участок 133
Обновляем участок: Шадрино: участок 144
 ... Пропускаем участок: Шадрино: участок 160
 ... Пропускаем участок: Шадрино: участок 165
 ... Пропускаем участок: Шадрино: участок 168
Обновляем участок: Шадрино: участок 171
 ... Пропускаем участок: Шадрино: участок 172
 ... Пропускаем участок: Шадрино: участок 175
 ... Пропускаем участок: Шадрино: участок 176
 ... Пропускаем участок: Шадрино: участок 177
 ... Пропускаем участок: Шадрино: участок 178
 ... Пропускаем участок: Шадрино: участок 181
 ... Пропускаем участок: Шадрино: участок 182
 ... Пропускаем участок: Шадрино: участок 183
 ... Пропускаем участок: Шадрино: участок 184
 ... Пропускаем участок: Шадрино: участок 185
 ... Пропускаем участок: Шадрино: участок 186
 ... Пропускаем участок: Шадрино: участок 187
 ... Пропускаем участок: Шадрино: участок 188
 ... Пропускаем участок: Шадрино: участок 193
 ... Пропускаем участок: Шадрино: участок 195
 ... Пропускаем участок: Шадрино: участок 196
 ... Пропускаем участок: Шадрино: участок 197
 ... Пропускаем участок: Шадрино: участок 206
 ... Пропускаем участок: Шадрино: участок 207
 ... Пропускаем участок: Шадрино: участок 221
 ... Пропускаем участок: Шадрино: участок 224
 ... Пропускаем участок: Шадрино: участок 225
 ... Пропускаем участок: Шадрино: участок 226
 ... Пропускаем участок: Шадрино: участок 240
 ... Пропускаем участок: Шадрино: участок 244
Обновляем участок: Шадрино: участок 245
 ... Пропускаем участок: Шадрино: участок 246
 ... Пропускаем участок: Шадрино: участок 247
 ... Пропускаем участок: Шадрино: участок 248
 ... Пропускаем участок: Шадрино: участок 249
 ... Пропускаем участок: Шадрино: участок 250
 ... Пропускаем участок: Шадрино: участок 251
 ... Пропускаем участок: Шадрино: участок 252
 ... Пропускаем участок: Шадрино: участок 253
 ... Пропускаем участок: Шадрино: участок 254
 ... Пропускаем участок: Шадрино: участок 255
 ... Пропускаем участок: Шадрино: участок 257
 ... Пропускаем участок: Шадрино: участок 258
 ... Пропускаем участок: Шадрино: участок 259
 ... Пропускаем участок: Шадрино: участок 260
 ... Пропускаем участок: Шадрино: участок 261
 ... Пропускаем участок: Шадрино: участок 262
 ... Пропускаем участок: Шадрино: участок 263
 ... Пропускаем участок: Шадрино: участок 264
 ... Пропускаем участок: Шадрино: участок 265
 ... Пропускаем участок: Шадрино: участок 266

Обновляем поселок: Шадрино
 - Участков продано: 200
 - Участков в продаже: 67
 - Стоимость участка min: 539500
 - Стоимость участка max: 2914440
 - Цена за сотку min: 65000
 - Цена за сотку max: 149000

Участки в фиде:
 - Свободно: 67
 - Продано: 200
 - Технический: 12

Игнатово


Участки в фиде:
 - Свободно: 1
 - Продано: 193
 - Технический: 1

Флора-Парк-2

 ... Пропускаем участок: Флора-Парк-2: участок 20
 ... Пропускаем участок: Флора-Парк-2: участок 25
 ... Пропускаем участок: Флора-Парк-2: участок 59
 ... Пропускаем участок: Флора-Парк-2: участок 81
 ... Пропускаем участок: Флора-Парк-2: участок 97
 ... Пропускаем участок: Флора-Парк-2: участок 126
 ... Пропускаем участок: Флора-Парк-2: участок 128
 ... Пропускаем участок: Флора-Парк-2: участок 129
 ... Пропускаем участок: Флора-Парк-2: участок 136
 ... Пропускаем участок: Флора-Парк-2: участок 140
 ... Пропускаем участок: Флора-Парк-2: участок 148
 ... Пропускаем участок: Флора-Парк-2: участок 153

Участки в фиде:
 - Свободно: 22
 - Продано: 130
 - Технический: 1

Весна Парк

 ... Пропускаем участок: Весна Парк: участок 7
 ... Пропускаем участок: Весна Парк: участок 28
 ... Пропускаем участок: Весна Парк: участок 29
 ... Пропускаем участок: Весна Парк: участок 30
 ... Пропускаем участок: Весна Парк: участок 45
 ... Пропускаем участок: Весна Парк: участок 46
 ... Пропускаем участок: Весна Парк: участок 47
 ... Пропускаем участок: Весна Парк: участок 50
 ... Пропускаем участок: Весна Парк: участок 86
 ... Пропускаем участок: Весна Парк: участок 88
 ... Пропускаем участок: Весна Парк: участок 89
 ... Пропускаем участок: Весна Парк: участок 90
 ... Пропускаем участок: Весна Парк: участок 91
 ... Пропускаем участок: Весна Парк: участок 92
 ... Пропускаем участок: Весна Парк: участок 93
 ... Пропускаем участок: Весна Парк: участок 94
 ... Пропускаем участок: Весна Парк: участок 95
 ... Пропускаем участок: Весна Парк: участок 97
 ... Пропускаем участок: Весна Парк: участок 98
 ... Пропускаем участок: Весна Парк: участок 99

Участки в фиде:
 - Свободно: 28
 - Продано: 71
 - Технический: 0

Пахра Ривер Парк

 ... Пропускаем участок: Пахра Ривер Парк: участок 34
 ... Пропускаем участок: Пахра Ривер Парк: участок 35
 ... Пропускаем участок: Пахра Ривер Парк: участок 36
 ... Пропускаем участок: Пахра Ривер Парк: участок 38
 ... Пропускаем участок: Пахра Ривер Парк: участок 39
 ... Пропускаем участок: Пахра Ривер Парк: участок 45
 ... Пропускаем участок: Пахра Ривер Парк: участок 46
 ... Пропускаем участок: Пахра Ривер Парк: участок 48
 ... Пропускаем участок: Пахра Ривер Парк: участок 49
 ... Пропускаем участок: Пахра Ривер Парк: участок 50
 ... Пропускаем участок: Пахра Ривер Парк: участок 51
 ... Пропускаем участок: Пахра Ривер Парк: участок 53
 ... Пропускаем участок: Пахра Ривер Парк: участок 54
 ... Пропускаем участок: Пахра Ривер Парк: участок 55
 ... Пропускаем участок: Пахра Ривер Парк: участок 56
 ... Пропускаем участок: Пахра Ривер Парк: участок 59
 ... Пропускаем участок: Пахра Ривер Парк: участок 60
 ... Пропускаем участок: Пахра Ривер Парк: участок 61
 ... Пропускаем участок: Пахра Ривер Парк: участок 62
 ... Пропускаем участок: Пахра Ривер Парк: участок 63
 ... Пропускаем участок: Пахра Ривер Парк: участок 64
 ... Пропускаем участок: Пахра Ривер Парк: участок 65
 ... Пропускаем участок: Пахра Ривер Парк: участок 66
 ... Пропускаем участок: Пахра Ривер Парк: участок 67
 ... Пропускаем участок: Пахра Ривер Парк: участок 68
 ... Пропускаем участок: Пахра Ривер Парк: участок 69
 ... Пропускаем участок: Пахра Ривер Парк: участок 70
 ... Пропускаем участок: Пахра Ривер Парк: участок 72
 ... Пропускаем участок: Пахра Ривер Парк: участок 74
 ... Пропускаем участок: Пахра Ривер Парк: участок 75
 ... Пропускаем участок: Пахра Ривер Парк: участок 76
 ... Пропускаем участок: Пахра Ривер Парк: участок 77
 ... Пропускаем участок: Пахра Ривер Парк: участок 78
 ... Пропускаем участок: Пахра Ривер Парк: участок 79
 ... Пропускаем участок: Пахра Ривер Парк: участок 80
 ... Пропускаем участок: Пахра Ривер Парк: участок 81
 ... Пропускаем участок: Пахра Ривер Парк: участок 82
 ... Пропускаем участок: Пахра Ривер Парк: участок 83
 ... Пропускаем участок: Пахра Ривер Парк: участок 84
 ... Пропускаем участок: Пахра Ривер Парк: участок 85
 ... Пропускаем участок: Пахра Ривер Парк: участок 86
 ... Пропускаем участок: Пахра Ривер Парк: участок 87
 ... Пропускаем участок: Пахра Ривер Парк: участок 130
 ... Пропускаем участок: Пахра Ривер Парк: участок 131
 ... Пропускаем участок: Пахра Ривер Парк: участок 132
 ... Пропускаем участок: Пахра Ривер Парк: участок 133
 ... Пропускаем участок: Пахра Ривер Парк: участок 134
 ... Пропускаем участок: Пахра Ривер Парк: участок 135
 ... Пропускаем участок: Пахра Ривер Парк: участок 136
 ... Пропускаем участок: Пахра Ривер Парк: участок 137
 ... Пропускаем участок: Пахра Ривер Парк: участок 138
 ... Пропускаем участок: Пахра Ривер Парк: участок 140
 ... Пропускаем участок: Пахра Ривер Парк: участок 141
 ... Пропускаем участок: Пахра Ривер Парк: участок 142
 ... Пропускаем участок: Пахра Ривер Парк: участок 143
 ... Пропускаем участок: Пахра Ривер Парк: участок 144
 ... Пропускаем участок: Пахра Ривер Парк: участок 145
 ... Пропускаем участок: Пахра Ривер Парк: участок 146
 ... Пропускаем участок: Пахра Ривер Парк: участок 147
 ... Пропускаем участок: Пахра Ривер Парк: участок 148
 ... Пропускаем участок: Пахра Ривер Парк: участок 149
 ... Пропускаем участок: Пахра Ривер Парк: участок 151
 ... Пропускаем участок: Пахра Ривер Парк: участок 152
 ... Пропускаем участок: Пахра Ривер Парк: участок 153
 ... Пропускаем участок: Пахра Ривер Парк: участок 154
 ... Пропускаем участок: Пахра Ривер Парк: участок 155
 ... Пропускаем участок: Пахра Ривер Парк: участок 156
 ... Пропускаем участок: Пахра Ривер Парк: участок 157
 ... Пропускаем участок: Пахра Ривер Парк: участок 158
 ... Пропускаем участок: Пахра Ривер Парк: участок 159
 ... Пропускаем участок: Пахра Ривер Парк: участок 160
 ... Пропускаем участок: Пахра Ривер Парк: участок 161
 ... Пропускаем участок: Пахра Ривер Парк: участок 162
 ... Пропускаем участок: Пахра Ривер Парк: участок 163
 ... Пропускаем участок: Пахра Ривер Парк: участок 164
 ... Пропускаем участок: Пахра Ривер Парк: участок 165
 ... Пропускаем участок: Пахра Ривер Парк: участок 166
 ... Пропускаем участок: Пахра Ривер Парк: участок 169
 ... Пропускаем участок: Пахра Ривер Парк: участок 170
 ... Пропускаем участок: Пахра Ривер Парк: участок 171
 ... Пропускаем участок: Пахра Ривер Парк: участок 172
 ... Пропускаем участок: Пахра Ривер Парк: участок 173
 ... Пропускаем участок: Пахра Ривер Парк: участок 174
 ... Пропускаем участок: Пахра Ривер Парк: участок 175
 ... Пропускаем участок: Пахра Ривер Парк: участок 176
 ... Пропускаем участок: Пахра Ривер Парк: участок 177
 ... Пропускаем участок: Пахра Ривер Парк: участок 178
 ... Пропускаем участок: Пахра Ривер Парк: участок 180
 ... Пропускаем участок: Пахра Ривер Парк: участок 182
 ... Пропускаем участок: Пахра Ривер Парк: участок 183
 ... Пропускаем участок: Пахра Ривер Парк: участок 184
 ... Пропускаем участок: Пахра Ривер Парк: участок 185
 ... Пропускаем участок: Пахра Ривер Парк: участок 186
 ... Пропускаем участок: Пахра Ривер Парк: участок 187
 ... Пропускаем участок: Пахра Ривер Парк: участок 188
 ... Пропускаем участок: Пахра Ривер Парк: участок 189
 ... Пропускаем участок: Пахра Ривер Парк: участок 191
 ... Пропускаем участок: Пахра Ривер Парк: участок 192
 ... Пропускаем участок: Пахра Ривер Парк: участок 194
 ... Пропускаем участок: Пахра Ривер Парк: участок 195
 ... Пропускаем участок: Пахра Ривер Парк: участок 196
 ... Пропускаем участок: Пахра Ривер Парк: участок 197
 ... Пропускаем участок: Пахра Ривер Парк: участок 198
 ... Пропускаем участок: Пахра Ривер Парк: участок 199
 ... Пропускаем участок: Пахра Ривер Парк: участок 200
 ... Пропускаем участок: Пахра Ривер Парк: участок 201
 ... Пропускаем участок: Пахра Ривер Парк: участок 202
 ... Пропускаем участок: Пахра Ривер Парк: участок 203
 ... Пропускаем участок: Пахра Ривер Парк: участок 204
 ... Пропускаем участок: Пахра Ривер Парк: участок 205
 ... Пропускаем участок: Пахра Ривер Парк: участок 206
 ... Пропускаем участок: Пахра Ривер Парк: участок 207
 ... Пропускаем участок: Пахра Ривер Парк: участок 208
 ... Пропускаем участок: Пахра Ривер Парк: участок 209
 ... Пропускаем участок: Пахра Ривер Парк: участок 210
 ... Пропускаем участок: Пахра Ривер Парк: участок 211
 ... Пропускаем участок: Пахра Ривер Парк: участок 212
 ... Пропускаем участок: Пахра Ривер Парк: участок 213
 ... Пропускаем участок: Пахра Ривер Парк: участок 214
 ... Пропускаем участок: Пахра Ривер Парк: участок 215
 ... Пропускаем участок: Пахра Ривер Парк: участок 216
 ... Пропускаем участок: Пахра Ривер Парк: участок 217
 ... Пропускаем участок: Пахра Ривер Парк: участок 218
 ... Пропускаем участок: Пахра Ривер Парк: участок 219
 ... Пропускаем участок: Пахра Ривер Парк: участок 220
 ... Пропускаем участок: Пахра Ривер Парк: участок 221
 ... Пропускаем участок: Пахра Ривер Парк: участок 222
 ... Пропускаем участок: Пахра Ривер Парк: участок 223
 ... Пропускаем участок: Пахра Ривер Парк: участок 224
 ... Пропускаем участок: Пахра Ривер Парк: участок 225
 ... Пропускаем участок: Пахра Ривер Парк: участок 226
 ... Пропускаем участок: Пахра Ривер Парк: участок 227
 ... Пропускаем участок: Пахра Ривер Парк: участок 228
 ... Пропускаем участок: Пахра Ривер Парк: участок 229
 ... Пропускаем участок: Пахра Ривер Парк: участок 230
 ... Пропускаем участок: Пахра Ривер Парк: участок 231
 ... Пропускаем участок: Пахра Ривер Парк: участок 232
 ... Пропускаем участок: Пахра Ривер Парк: участок 233
 ... Пропускаем участок: Пахра Ривер Парк: участок 234
 ... Пропускаем участок: Пахра Ривер Парк: участок 235
 ... Пропускаем участок: Пахра Ривер Парк: участок 236
 ... Пропускаем участок: Пахра Ривер Парк: участок 237
 ... Пропускаем участок: Пахра Ривер Парк: участок 238
 ... Пропускаем участок: Пахра Ривер Парк: участок 239
 ... Пропускаем участок: Пахра Ривер Парк: участок 244
 ... Пропускаем участок: Пахра Ривер Парк: участок 245
 ... Пропускаем участок: Пахра Ривер Парк: участок 246
 ... Пропускаем участок: Пахра Ривер Парк: участок 247
 ... Пропускаем участок: Пахра Ривер Парк: участок 248
 ... Пропускаем участок: Пахра Ривер Парк: участок 249
 ... Пропускаем участок: Пахра Ривер Парк: участок 250
 ... Пропускаем участок: Пахра Ривер Парк: участок 251
 ... Пропускаем участок: Пахра Ривер Парк: участок 252
 ... Пропускаем участок: Пахра Ривер Парк: участок 253
 ... Пропускаем участок: Пахра Ривер Парк: участок 254
 ... Пропускаем участок: Пахра Ривер Парк: участок 255
 ... Пропускаем участок: Пахра Ривер Парк: участок 256
 ... Пропускаем участок: Пахра Ривер Парк: участок 258
 ... Пропускаем участок: Пахра Ривер Парк: участок 259
 ... Пропускаем участок: Пахра Ривер Парк: участок 260
 ... Пропускаем участок: Пахра Ривер Парк: участок 261
 ... Пропускаем участок: Пахра Ривер Парк: участок 262
 ... Пропускаем участок: Пахра Ривер Парк: участок 263
 ... Пропускаем участок: Пахра Ривер Парк: участок 264
 ... Пропускаем участок: Пахра Ривер Парк: участок 265
 ... Пропускаем участок: Пахра Ривер Парк: участок 266
 ... Пропускаем участок: Пахра Ривер Парк: участок 267
 ... Пропускаем участок: Пахра Ривер Парк: участок 268
 ... Пропускаем участок: Пахра Ривер Парк: участок 269
 ... Пропускаем участок: Пахра Ривер Парк: участок 270
 ... Пропускаем участок: Пахра Ривер Парк: участок 271
 ... Пропускаем участок: Пахра Ривер Парк: участок 272
 ... Пропускаем участок: Пахра Ривер Парк: участок 273
 ... Пропускаем участок: Пахра Ривер Парк: участок 274
 ... Пропускаем участок: Пахра Ривер Парк: участок 275
 ... Пропускаем участок: Пахра Ривер Парк: участок 276
 ... Пропускаем участок: Пахра Ривер Парк: участок 277
 ... Пропускаем участок: Пахра Ривер Парк: участок 278
 ... Пропускаем участок: Пахра Ривер Парк: участок 280
 ... Пропускаем участок: Пахра Ривер Парк: участок 281
 ... Пропускаем участок: Пахра Ривер Парк: участок 282
 ... Пропускаем участок: Пахра Ривер Парк: участок 283
 ... Пропускаем участок: Пахра Ривер Парк: участок 284
 ... Пропускаем участок: Пахра Ривер Парк: участок 285
 ... Пропускаем участок: Пахра Ривер Парк: участок 286
 ... Пропускаем участок: Пахра Ривер Парк: участок 287
 ... Пропускаем участок: Пахра Ривер Парк: участок 288
 ... Пропускаем участок: Пахра Ривер Парк: участок 289
 ... Пропускаем участок: Пахра Ривер Парк: участок 290
 ... Пропускаем участок: Пахра Ривер Парк: участок 291
 ... Пропускаем участок: Пахра Ривер Парк: участок 292
 ... Пропускаем участок: Пахра Ривер Парк: участок 293
 ... Пропускаем участок: Пахра Ривер Парк: участок 294
 ... Пропускаем участок: Пахра Ривер Парк: участок 295
 ... Пропускаем участок: Пахра Ривер Парк: участок 338
 ... Пропускаем участок: Пахра Ривер Парк: участок 339
 ... Пропускаем участок: Пахра Ривер Парк: участок 340
 ... Пропускаем участок: Пахра Ривер Парк: участок 341
 ... Пропускаем участок: Пахра Ривер Парк: участок 342
 ... Пропускаем участок: Пахра Ривер Парк: участок 343
 ... Пропускаем участок: Пахра Ривер Парк: участок 344
 ... Пропускаем участок: Пахра Ривер Парк: участок 345
 ... Пропускаем участок: Пахра Ривер Парк: участок 346
 ... Пропускаем участок: Пахра Ривер Парк: участок 347
 ... Пропускаем участок: Пахра Ривер Парк: участок 348
 ... Пропускаем участок: Пахра Ривер Парк: участок 349
 ... Пропускаем участок: Пахра Ривер Парк: участок 351
 ... Пропускаем участок: Пахра Ривер Парк: участок 352
 ... Пропускаем участок: Пахра Ривер Парк: участок 353
 ... Пропускаем участок: Пахра Ривер Парк: участок 354
 ... Пропускаем участок: Пахра Ривер Парк: участок 355
 ... Пропускаем участок: Пахра Ривер Парк: участок 356
 ... Пропускаем участок: Пахра Ривер Парк: участок 357
 ... Пропускаем участок: Пахра Ривер Парк: участок 358
 ... Пропускаем участок: Пахра Ривер Парк: участок 359
 ... Пропускаем участок: Пахра Ривер Парк: участок 360
 ... Пропускаем участок: Пахра Ривер Парк: участок 361
 ... Пропускаем участок: Пахра Ривер Парк: участок 363
 ... Пропускаем участок: Пахра Ривер Парк: участок 364
 ... Пропускаем участок: Пахра Ривер Парк: участок 365
 ... Пропускаем участок: Пахра Ривер Парк: участок 366
 ... Пропускаем участок: Пахра Ривер Парк: участок 367
 ... Пропускаем участок: Пахра Ривер Парк: участок 368
 ... Пропускаем участок: Пахра Ривер Парк: участок 369
 ... Пропускаем участок: Пахра Ривер Парк: участок 370
 ... Пропускаем участок: Пахра Ривер Парк: участок 371
 ... Пропускаем участок: Пахра Ривер Парк: участок 372
 ... Пропускаем участок: Пахра Ривер Парк: участок 373
 ... Пропускаем участок: Пахра Ривер Парк: участок 374
 ... Пропускаем участок: Пахра Ривер Парк: участок 375
 ... Пропускаем участок: Пахра Ривер Парк: участок 376
 ... Пропускаем участок: Пахра Ривер Парк: участок 377
 ... Пропускаем участок: Пахра Ривер Парк: участок 378
 ... Пропускаем участок: Пахра Ривер Парк: участок 379
 ... Пропускаем участок: Пахра Ривер Парк: участок 380
 ... Пропускаем участок: Пахра Ривер Парк: участок 381
 ... Пропускаем участок: Пахра Ривер Парк: участок 382
 ... Пропускаем участок: Пахра Ривер Парк: участок 415
 ... Пропускаем участок: Пахра Ривер Парк: участок 416
 ... Пропускаем участок: Пахра Ривер Парк: участок 417
 ... Пропускаем участок: Пахра Ривер Парк: участок 418
 ... Пропускаем участок: Пахра Ривер Парк: участок 419
 ... Пропускаем участок: Пахра Ривер Парк: участок 420
 ... Пропускаем участок: Пахра Ривер Парк: участок 421
 ... Пропускаем участок: Пахра Ривер Парк: участок 422
 ... Пропускаем участок: Пахра Ривер Парк: участок 423
 ... Пропускаем участок: Пахра Ривер Парк: участок 424
 ... Пропускаем участок: Пахра Ривер Парк: участок 425
 ... Пропускаем участок: Пахра Ривер Парк: участок 427
 ... Пропускаем участок: Пахра Ривер Парк: участок 428
 ... Пропускаем участок: Пахра Ривер Парк: участок 429
 ... Пропускаем участок: Пахра Ривер Парк: участок 430
 ... Пропускаем участок: Пахра Ривер Парк: участок 431
 ... Пропускаем участок: Пахра Ривер Парк: участок 432
 ... Пропускаем участок: Пахра Ривер Парк: участок 433

Участки в фиде:
 - Свободно: 269
 - Продано: 14
 - Технический: 177

Новое Борилово

 ... Пропускаем участок: Новое Борилово: участок 35
 ... Пропускаем участок: Новое Борилово: участок 40
 ... Пропускаем участок: Новое Борилово: участок 41
 ... Пропускаем участок: Новое Борилово: участок 42
 ... Пропускаем участок: Новое Борилово: участок 43
 ... Пропускаем участок: Новое Борилово: участок 44
 ... Пропускаем участок: Новое Борилово: участок 45
 ... Пропускаем участок: Новое Борилово: участок 46
 ... Пропускаем участок: Новое Борилово: участок 47
 ... Пропускаем участок: Новое Борилово: участок 48
 ... Пропускаем участок: Новое Борилово: участок 50
 ... Пропускаем участок: Новое Борилово: участок 51
 ... Пропускаем участок: Новое Борилово: участок 52
 ... Пропускаем участок: Новое Борилово: участок 53
 ... Пропускаем участок: Новое Борилово: участок 57
 ... Пропускаем участок: Новое Борилово: участок 58
 ... Пропускаем участок: Новое Борилово: участок 59
 ... Пропускаем участок: Новое Борилово: участок 60
 ... Пропускаем участок: Новое Борилово: участок 61
 ... Пропускаем участок: Новое Борилово: участок 62
 ... Пропускаем участок: Новое Борилово: участок 63
 ... Пропускаем участок: Новое Борилово: участок 64
 ... Пропускаем участок: Новое Борилово: участок 65
 ... Пропускаем участок: Новое Борилово: участок 77
 ... Пропускаем участок: Новое Борилово: участок 78
 ... Пропускаем участок: Новое Борилово: участок 79
 ... Пропускаем участок: Новое Борилово: участок 80
 ... Пропускаем участок: Новое Борилово: участок 81
 ... Пропускаем участок: Новое Борилово: участок 82
 ... Пропускаем участок: Новое Борилово: участок 83
 ... Пропускаем участок: Новое Борилово: участок 94
 ... Пропускаем участок: Новое Борилово: участок 95
 ... Пропускаем участок: Новое Борилово: участок 96
 ... Пропускаем участок: Новое Борилово: участок 97
 ... Пропускаем участок: Новое Борилово: участок 98
 ... Пропускаем участок: Новое Борилово: участок 103
 ... Пропускаем участок: Новое Борилово: участок 107
 ... Пропускаем участок: Новое Борилово: участок 117
 ... Пропускаем участок: Новое Борилово: участок 118
 ... Пропускаем участок: Новое Борилово: участок 119
 ... Пропускаем участок: Новое Борилово: участок 120
 ... Пропускаем участок: Новое Борилово: участок 121
 ... Пропускаем участок: Новое Борилово: участок 122
 ... Пропускаем участок: Новое Борилово: участок 123
 ... Пропускаем участок: Новое Борилово: участок 124
 ... Пропускаем участок: Новое Борилово: участок 125
 ... Пропускаем участок: Новое Борилово: участок 126
 ... Пропускаем участок: Новое Борилово: участок 127
 ... Пропускаем участок: Новое Борилово: участок 128
 ... Пропускаем участок: Новое Борилово: участок 130
 ... Пропускаем участок: Новое Борилово: участок 131
 ... Пропускаем участок: Новое Борилово: участок 132

Участки в фиде:
 - Свободно: 61
 - Продано: 37
 - Технический: 42

ЭкоКвартал Раздолье

Обновляем участок: ЭкоКвартал Раздолье: участок 264
Обновляем участок: ЭкоКвартал Раздолье: участок 265
Обновляем участок: ЭкоКвартал Раздолье: участок 266
 ... Пропускаем участок: ЭкоКвартал Раздолье: участок 267
 ... Пропускаем участок: ЭкоКвартал Раздолье: участок 284
 ... Пропускаем участок: ЭкоКвартал Раздолье: участок 285
 ... Пропускаем участок: ЭкоКвартал Раздолье: участок 286
 ... Пропускаем участок: ЭкоКвартал Раздолье: участок 287
 ... Пропускаем участок: ЭкоКвартал Раздолье: участок 288
 ... Пропускаем участок: ЭкоКвартал Раздолье: участок 289
Обновляем участок: ЭкоКвартал Раздолье: участок 290
Обновляем участок: ЭкоКвартал Раздолье: участок 291
Обновляем участок: ЭкоКвартал Раздолье: участок 292
 ... Пропускаем участок: ЭкоКвартал Раздолье: участок 293
 ... Пропускаем участок: ЭкоКвартал Раздолье: участок 294
 ... Пропускаем участок: ЭкоКвартал Раздолье: участок 295
Обновляем участок: ЭкоКвартал Раздолье: участок 311
Обновляем участок: ЭкоКвартал Раздолье: участок 312
 ... Пропускаем участок: ЭкоКвартал Раздолье: участок 313
 ... Пропускаем участок: ЭкоКвартал Раздолье: участок 314
 ... Пропускаем участок: ЭкоКвартал Раздолье: участок 315
 ... Пропускаем участок: ЭкоКвартал Раздолье: участок 316
 ... Пропускаем участок: ЭкоКвартал Раздолье: участок 317
 ... Пропускаем участок: ЭкоКвартал Раздолье: участок 318
 ... Пропускаем участок: ЭкоКвартал Раздолье: участок 319
 ... Пропускаем участок: ЭкоКвартал Раздолье: участок 320
 ... Пропускаем участок: ЭкоКвартал Раздолье: участок 321
 ... Пропускаем участок: ЭкоКвартал Раздолье: участок 322
 ... Пропускаем участок: ЭкоКвартал Раздолье: участок 323
 ... Пропускаем участок: ЭкоКвартал Раздолье: участок 324
 ... Пропускаем участок: ЭкоКвартал Раздолье: участок 343
 ... Пропускаем участок: ЭкоКвартал Раздолье: участок 344
 ... Пропускаем участок: ЭкоКвартал Раздолье: участок 345
 ... Пропускаем участок: ЭкоКвартал Раздолье: участок 346
 ... Пропускаем участок: ЭкоКвартал Раздолье: участок 347
 ... Пропускаем участок: ЭкоКвартал Раздолье: участок 348
 ... Пропускаем участок: ЭкоКвартал Раздолье: участок 349
 ... Пропускаем участок: ЭкоКвартал Раздолье: участок 394
 ... Пропускаем участок: ЭкоКвартал Раздолье: участок 395
 ... Пропускаем участок: ЭкоКвартал Раздолье: участок 396
 ... Пропускаем участок: ЭкоКвартал Раздолье: участок 397
 ... Пропускаем участок: ЭкоКвартал Раздолье: участок 398
 ... Пропускаем участок: ЭкоКвартал Раздолье: участок 399
 ... Пропускаем участок: ЭкоКвартал Раздолье: участок 400
 ... Пропускаем участок: ЭкоКвартал Раздолье: участок 401
Обновляем участок: ЭкоКвартал Раздолье: участок 422
Обновляем участок: ЭкоКвартал Раздолье: участок 423
 ... Пропускаем участок: ЭкоКвартал Раздолье: участок 424
 ... Пропускаем участок: ЭкоКвартал Раздолье: участок 429
 ... Пропускаем участок: ЭкоКвартал Раздолье: участок 471
 ... Пропускаем участок: ЭкоКвартал Раздолье: участок 472
 ... Пропускаем участок: ЭкоКвартал Раздолье: участок 473
 ... Пропускаем участок: ЭкоКвартал Раздолье: участок 474
 ... Пропускаем участок: ЭкоКвартал Раздолье: участок 475
 ... Пропускаем участок: ЭкоКвартал Раздолье: участок 476
 ... Пропускаем участок: ЭкоКвартал Раздолье: участок 495
 ... Пропускаем участок: ЭкоКвартал Раздолье: участок 496
 ... Пропускаем участок: ЭкоКвартал Раздолье: участок 497
 ... Пропускаем участок: ЭкоКвартал Раздолье: участок 498
 ... Пропускаем участок: ЭкоКвартал Раздолье: участок 499
 ... Пропускаем участок: ЭкоКвартал Раздолье: участок 500
 ... Пропускаем участок: ЭкоКвартал Раздолье: участок 501
 ... Пропускаем участок: ЭкоКвартал Раздолье: участок 502
Обновляем участок: ЭкоКвартал Раздолье: участок 531
Обновляем участок: ЭкоКвартал Раздолье: участок 532
Обновляем участок: ЭкоКвартал Раздолье: участок 533
 ... Пропускаем участок: ЭкоКвартал Раздолье: участок 534
 ... Пропускаем участок: ЭкоКвартал Раздолье: участок 541
 ... Пропускаем участок: ЭкоКвартал Раздолье: участок 565
 ... Пропускаем участок: ЭкоКвартал Раздолье: участок 566
 ... Пропускаем участок: ЭкоКвартал Раздолье: участок 567
 ... Пропускаем участок: ЭкоКвартал Раздолье: участок 568
 ... Пропускаем участок: ЭкоКвартал Раздолье: участок 569
 ... Пропускаем участок: ЭкоКвартал Раздолье: участок 570
 ... Пропускаем участок: ЭкоКвартал Раздолье: участок 571
 ... Пропускаем участок: ЭкоКвартал Раздолье: участок 573
 ... Пропускаем участок: ЭкоКвартал Раздолье: участок 588
 ... Пропускаем участок: ЭкоКвартал Раздолье: участок 589
 ... Пропускаем участок: ЭкоКвартал Раздолье: участок 590
 ... Пропускаем участок: ЭкоКвартал Раздолье: участок 591
 ... Пропускаем участок: ЭкоКвартал Раздолье: участок 592
 ... Пропускаем участок: ЭкоКвартал Раздолье: участок 593
 ... Пропускаем участок: ЭкоКвартал Раздолье: участок 594
 ... Пропускаем участок: ЭкоКвартал Раздолье: участок 595
 ... Пропускаем участок: ЭкоКвартал Раздолье: участок 597
 ... Пропускаем участок: ЭкоКвартал Раздолье: участок 600
 ... Пропускаем участок: ЭкоКвартал Раздолье: участок 630
 ... Пропускаем участок: ЭкоКвартал Раздолье: участок 694
 ... Пропускаем участок: ЭкоКвартал Раздолье: участок 803
Обновляем участок: ЭкоКвартал Раздолье: участок 974
Обновляем участок: ЭкоКвартал Раздолье: участок 975
Обновляем участок: ЭкоКвартал Раздолье: участок 976
 ... Пропускаем участок: ЭкоКвартал Раздолье: участок 977
 ... Пропускаем участок: ЭкоКвартал Раздолье: участок 978
 ... Пропускаем участок: ЭкоКвартал Раздолье: участок 979
 ... Пропускаем участок: ЭкоКвартал Раздолье: участок 980
 ... Пропускаем участок: ЭкоКвартал Раздолье: участок 981
 ... Пропускаем участок: ЭкоКвартал Раздолье: участок 982
 ... Пропускаем участок: ЭкоКвартал Раздолье: участок 983
 ... Пропускаем участок: ЭкоКвартал Раздолье: участок 987
 ... Пропускаем участок: ЭкоКвартал Раздолье: участок 988
 ... Пропускаем участок: ЭкоКвартал Раздолье: участок 989
 ... Пропускаем участок: ЭкоКвартал Раздолье: участок 990
 ... Пропускаем участок: ЭкоКвартал Раздолье: участок 992
 ... Пропускаем участок: ЭкоКвартал Раздолье: участок 993
Обновляем участок: ЭкоКвартал Раздолье: участок 994
 ... Пропускаем участок: ЭкоКвартал Раздолье: участок 1015
 ... Пропускаем участок: ЭкоКвартал Раздолье: участок 1016
 ... Пропускаем участок: ЭкоКвартал Раздолье: участок 1017
 ... Пропускаем участок: ЭкоКвартал Раздолье: участок 1022
 ... Пропускаем участок: ЭкоКвартал Раздолье: участок 1023
 ... Пропускаем участок: ЭкоКвартал Раздолье: участок 1024
 ... Пропускаем участок: ЭкоКвартал Раздолье: участок 1025
 ... Пропускаем участок: ЭкоКвартал Раздолье: участок 1026
 ... Пропускаем участок: ЭкоКвартал Раздолье: участок 1068
 ... Пропускаем участок: ЭкоКвартал Раздолье: участок 1073
 ... Пропускаем участок: ЭкоКвартал Раздолье: участок 1075
 ... Пропускаем участок: ЭкоКвартал Раздолье: участок 1076
 ... Пропускаем участок: ЭкоКвартал Раздолье: участок 1077
 ... Пропускаем участок: ЭкоКвартал Раздолье: участок 1078
 ... Пропускаем участок: ЭкоКвартал Раздолье: участок 1080
 ... Пропускаем участок: ЭкоКвартал Раздолье: участок 1081
 ... Пропускаем участок: ЭкоКвартал Раздолье: участок 1122
 ... Пропускаем участок: ЭкоКвартал Раздолье: участок 1125
 ... Пропускаем участок: ЭкоКвартал Раздолье: участок 1127
 ... Пропускаем участок: ЭкоКвартал Раздолье: участок 1128
 ... Пропускаем участок: ЭкоКвартал Раздолье: участок 1129
 ... Пропускаем участок: ЭкоКвартал Раздолье: участок 1130
 ... Пропускаем участок: ЭкоКвартал Раздолье: участок 1131
 ... Пропускаем участок: ЭкоКвартал Раздолье: участок 1132
 ... Пропускаем участок: ЭкоКвартал Раздолье: участок 1133
 ... Пропускаем участок: ЭкоКвартал Раздолье: участок 1135
 ... Пропускаем участок: ЭкоКвартал Раздолье: участок 1167
 ... Пропускаем участок: ЭкоКвартал Раздолье: участок 1168
 ... Пропускаем участок: ЭкоКвартал Раздолье: участок 1169
 ... Пропускаем участок: ЭкоКвартал Раздолье: участок 1170
 ... Пропускаем участок: ЭкоКвартал Раздолье: участок 1171
 ... Пропускаем участок: ЭкоКвартал Раздолье: участок 1173
 ... Пропускаем участок: ЭкоКвартал Раздолье: участок 1182
 ... Пропускаем участок: ЭкоКвартал Раздолье: участок 1183
 ... Пропускаем участок: ЭкоКвартал Раздолье: участок 1230
 ... Пропускаем участок: ЭкоКвартал Раздолье: участок 1231
 ... Пропускаем участок: ЭкоКвартал Раздолье: участок 1246
 ... Пропускаем участок: ЭкоКвартал Раздолье: участок 1247
 ... Пропускаем участок: ЭкоКвартал Раздолье: участок 1249
 ... Пропускаем участок: ЭкоКвартал Раздолье: участок 1250
 ... Пропускаем участок: ЭкоКвартал Раздолье: участок 1251
 ... Пропускаем участок: ЭкоКвартал Раздолье: участок 1255
 ... Пропускаем участок: ЭкоКвартал Раздолье: участок 1257
 ... Пропускаем участок: ЭкоКвартал Раздолье: участок 1258
 ... Пропускаем участок: ЭкоКвартал Раздолье: участок 1259
 ... Пропускаем участок: ЭкоКвартал Раздолье: участок 1260
 ... Пропускаем участок: ЭкоКвартал Раздолье: участок 1264
 ... Пропускаем участок: ЭкоКвартал Раздолье: участок 1265
 ... Пропускаем участок: ЭкоКвартал Раздолье: участок 1266

Обновляем поселок: ЭкоКвартал Раздолье
 - Участков продано: 869
 - Участков в продаже: 155
 - Стоимость участка min: 600000
 - Стоимость участка max: 35718100
 - Цена за сотку min: 100000
 - Цена за сотку max: 209000
 - Акция: ДА 

Участки в фиде:
 - Свободно: 155
 - Продано: 869
 - Технический: 287

Елки-Парк


Участки в фиде:
 - Свободно: 0
 - Продано: 67
 - Технический: 0

Хомутово


Участки в фиде:
 - Свободно: 0
 - Продано: 195
 - Технический: 0

Южный парк

 ... Пропускаем участок: Южный парк: участок 158
 ... Пропускаем участок: Южный парк: участок 159
 ... Пропускаем участок: Южный парк: участок 174
 ... Пропускаем участок: Южный парк: участок 230
 ... Пропускаем участок: Южный парк: участок 231
 ... Пропускаем участок: Южный парк: участок 232
 ... Пропускаем участок: Южный парк: участок 385
 ... Пропускаем участок: Южный парк: участок 386
 ... Пропускаем участок: Южный парк: участок 387
 ... Пропускаем участок: Южный парк: участок 388
 ... Пропускаем участок: Южный парк: участок 398
 ... Пропускаем участок: Южный парк: участок 400
 ... Пропускаем участок: Южный парк: участок 405
 ... Пропускаем участок: Южный парк: участок 406
 ... Пропускаем участок: Южный парк: участок 407
 ... Пропускаем участок: Южный парк: участок 408
 ... Пропускаем участок: Южный парк: участок 423
 ... Пропускаем участок: Южный парк: участок 435
 ... Пропускаем участок: Южный парк: участок 484
 ... Пропускаем участок: Южный парк: участок 485
 ... Пропускаем участок: Южный парк: участок 487
 ... Пропускаем участок: Южный парк: участок 493
 ... Пропускаем участок: Южный парк: участок 494
 ... Пропускаем участок: Южный парк: участок 496
 ... Пропускаем участок: Южный парк: участок 503
 ... Пропускаем участок: Южный парк: участок 508
 ... Пропускаем участок: Южный парк: участок 509
 ... Пропускаем участок: Южный парк: участок 510
 ... Пропускаем участок: Южный парк: участок 529
 ... Пропускаем участок: Южный парк: участок 530
 ... Пропускаем участок: Южный парк: участок 536
 ... Пропускаем участок: Южный парк: участок 537
 ... Пропускаем участок: Южный парк: участок 538
 ... Пропускаем участок: Южный парк: участок 590
 ... Пропускаем участок: Южный парк: участок 591
 ... Пропускаем участок: Южный парк: участок 595

Участки в фиде:
 - Свободно: 54
 - Продано: 447
 - Технический: 145

Русавкино-Заречное

 ... Пропускаем участок: Русавкино-Заречное: участок 158
 ... Пропускаем участок: Русавкино-Заречное: участок 208
 ... Пропускаем участок: Русавкино-Заречное: участок 211
 ... Пропускаем участок: Русавкино-Заречное: участок 212
 ... Пропускаем участок: Русавкино-Заречное: участок 215
 ... Пропускаем участок: Русавкино-Заречное: участок 217
 ... Пропускаем участок: Русавкино-Заречное: участок 219
 ... Пропускаем участок: Русавкино-Заречное: участок 220
 ... Пропускаем участок: Русавкино-Заречное: участок 221
 ... Пропускаем участок: Русавкино-Заречное: участок 222
 ... Пропускаем участок: Русавкино-Заречное: участок 308
 ... Пропускаем участок: Русавкино-Заречное: участок 309
 ... Пропускаем участок: Русавкино-Заречное: участок 310
 ... Пропускаем участок: Русавкино-Заречное: участок 314
 ... Пропускаем участок: Русавкино-Заречное: участок 344

Участки в фиде:
 - Свободно: 26
 - Продано: 260
 - Технический: 59

Фаустово

 ... Пропускаем участок: Фаустово: участок 8
 ... Пропускаем участок: Фаустово: участок 9
 ... Пропускаем участок: Фаустово: участок 10
 ... Пропускаем участок: Фаустово: участок 11
 ... Пропускаем участок: Фаустово: участок 12
 ... Пропускаем участок: Фаустово: участок 13
 ... Пропускаем участок: Фаустово: участок 14
 ... Пропускаем участок: Фаустово: участок 15
 ... Пропускаем участок: Фаустово: участок 16
 ... Пропускаем участок: Фаустово: участок 17
 ... Пропускаем участок: Фаустово: участок 18
 ... Пропускаем участок: Фаустово: участок 21
 ... Пропускаем участок: Фаустово: участок 22
 ... Пропускаем участок: Фаустово: участок 23
 ... Пропускаем участок: Фаустово: участок 24
 ... Пропускаем участок: Фаустово: участок 30
 ... Пропускаем участок: Фаустово: участок 31
 ... Пропускаем участок: Фаустово: участок 32
 ... Пропускаем участок: Фаустово: участок 33
 ... Пропускаем участок: Фаустово: участок 34
 ... Пропускаем участок: Фаустово: участок 35
 ... Пропускаем участок: Фаустово: участок 45
 ... Пропускаем участок: Фаустово: участок 46
 ... Пропускаем участок: Фаустово: участок 47
 ... Пропускаем участок: Фаустово: участок 49
 ... Пропускаем участок: Фаустово: участок 53
 ... Пропускаем участок: Фаустово: участок 54
 ... Пропускаем участок: Фаустово: участок 55
 ... Пропускаем участок: Фаустово: участок 56
 ... Пропускаем участок: Фаустово: участок 57
 ... Пропускаем участок: Фаустово: участок 58
 ... Пропускаем участок: Фаустово: участок 59
 ... Пропускаем участок: Фаустово: участок 60
 ... Пропускаем участок: Фаустово: участок 61
 ... Пропускаем участок: Фаустово: участок 62
 ... Пропускаем участок: Фаустово: участок 63
 ... Пропускаем участок: Фаустово: участок 65
 ... Пропускаем участок: Фаустово: участок 66
 ... Пропускаем участок: Фаустово: участок 67
 ... Пропускаем участок: Фаустово: участок 68
 ... Пропускаем участок: Фаустово: участок 69
 ... Пропускаем участок: Фаустово: участок 71
 ... Пропускаем участок: Фаустово: участок 72
 ... Пропускаем участок: Фаустово: участок 73
 ... Пропускаем участок: Фаустово: участок 74
 ... Пропускаем участок: Фаустово: участок 75
 ... Пропускаем участок: Фаустово: участок 76
 ... Пропускаем участок: Фаустово: участок 77
 ... Пропускаем участок: Фаустово: участок 78
 ... Пропускаем участок: Фаустово: участок 79
 ... Пропускаем участок: Фаустово: участок 80
 ... Пропускаем участок: Фаустово: участок 81
 ... Пропускаем участок: Фаустово: участок 82
 ... Пропускаем участок: Фаустово: участок 83
 ... Пропускаем участок: Фаустово: участок 86
 ... Пропускаем участок: Фаустово: участок 87
 ... Пропускаем участок: Фаустово: участок 88
 ... Пропускаем участок: Фаустово: участок 89
 ... Пропускаем участок: Фаустово: участок 90
 ... Пропускаем участок: Фаустово: участок 92
 ... Пропускаем участок: Фаустово: участок 93
 ... Пропускаем участок: Фаустово: участок 94
 ... Пропускаем участок: Фаустово: участок 95
 ... Пропускаем участок: Фаустово: участок 96
 ... Пропускаем участок: Фаустово: участок 97
 ... Пропускаем участок: Фаустово: участок 98
 ... Пропускаем участок: Фаустово: участок 99
 ... Пропускаем участок: Фаустово: участок 100
 ... Пропускаем участок: Фаустово: участок 101
 ... Пропускаем участок: Фаустово: участок 102
 ... Пропускаем участок: Фаустово: участок 103
 ... Пропускаем участок: Фаустово: участок 104
 ... Пропускаем участок: Фаустово: участок 105
 ... Пропускаем участок: Фаустово: участок 106
 ... Пропускаем участок: Фаустово: участок 107
 ... Пропускаем участок: Фаустово: участок 109
 ... Пропускаем участок: Фаустово: участок 110
 ... Пропускаем участок: Фаустово: участок 111
 ... Пропускаем участок: Фаустово: участок 112
 ... Пропускаем участок: Фаустово: участок 113
 ... Пропускаем участок: Фаустово: участок 114
 ... Пропускаем участок: Фаустово: участок 115
 ... Пропускаем участок: Фаустово: участок 116
 ... Пропускаем участок: Фаустово: участок 117
 ... Пропускаем участок: Фаустово: участок 118
 ... Пропускаем участок: Фаустово: участок 119
 ... Пропускаем участок: Фаустово: участок 120

Участки в фиде:
 - Свободно: 100
 - Продано: 20
 - Технический: 1

Фестиваль

Участок: Фаустово: участок 120 - деактивирован! 
Обновляем участок: Фестиваль: участок 66
Обновляем участок: Фестиваль: участок 81
Обновляем участок: Фестиваль: участок 82
 ... Пропускаем участок: Фестиваль: участок 85
Обновляем участок: Фестиваль: участок 1721

Обновляем поселок: Фестиваль
 - Участков продано: 378
 - Участков в продаже: 5
 - Стоимость участка min: 627210
 - Стоимость участка max: 761070
 - Цена за сотку min: 69000
 - Цена за сотку max: 69000

Участки в фиде:
 - Свободно: 5
 - Продано: 378
 - Технический: 218

Калитино

 ... Пропускаем участок: Калитино: участок 72
 ... Пропускаем участок: Калитино: участок 73
 ... Пропускаем участок: Калитино: участок 76

Участки в фиде:
 - Свободно: 9
 - Продано: 70
 - Технический: 0

Сокольники

 ... Пропускаем участок: Сокольники: участок 12
 ... Пропускаем участок: Сокольники: участок 14
 ... Пропускаем участок: Сокольники: участок 15
 ... Пропускаем участок: Сокольники: участок 34
 ... Пропускаем участок: Сокольники: участок 37
 ... Пропускаем участок: Сокольники: участок 69
 ... Пропускаем участок: Сокольники: участок 70
 ... Пропускаем участок: Сокольники: участок 72
 ... Пропускаем участок: Сокольники: участок 73
 ... Пропускаем участок: Сокольники: участок 77
 ... Пропускаем участок: Сокольники: участок 78
 ... Пропускаем участок: Сокольники: участок 82

Участки в фиде:
 - Свободно: 25
 - Продано: 56
 - Технический: 1

Назарьево


Участки в фиде:
 - Свободно: 0
 - Продано: 55
 - Технический: 0

Малинки Парк

Обновляем участок: Малинки Парк: участок 1
Обновляем участок: Малинки Парк: участок 2
Обновляем участок: Малинки Парк: участок 3
Обновляем участок: Малинки Парк: участок 4
 ... Пропускаем участок: Малинки Парк: участок 5
 ... Пропускаем участок: Малинки Парк: участок 6
 ... Пропускаем участок: Малинки Парк: участок 7
 ... Пропускаем участок: Малинки Парк: участок 8
 ... Пропускаем участок: Малинки Парк: участок 9
Обновляем участок: Малинки Парк: участок 11
Обновляем участок: Малинки Парк: участок 12
Обновляем участок: Малинки Парк: участок 15
Обновляем участок: Малинки Парк: участок 16
 ... Пропускаем участок: Малинки Парк: участок 17
 ... Пропускаем участок: Малинки Парк: участок 18
 ... Пропускаем участок: Малинки Парк: участок 19
 ... Пропускаем участок: Малинки Парк: участок 20
Обновляем участок: Малинки Парк: участок 22
Обновляем участок: Малинки Парк: участок 23
 ... Пропускаем участок: Малинки Парк: участок 24
 ... Пропускаем участок: Малинки Парк: участок 27
Обновляем участок: Малинки Парк: участок 28
 ... Пропускаем участок: Малинки Парк: участок 29
 ... Пропускаем участок: Малинки Парк: участок 32
Обновляем участок: Малинки Парк: участок 44
 ... Пропускаем участок: Малинки Парк: участок 45
 ... Пропускаем участок: Малинки Парк: участок 46
 ... Пропускаем участок: Малинки Парк: участок 47
 ... Пропускаем участок: Малинки Парк: участок 48
 ... Пропускаем участок: Малинки Парк: участок 49
 ... Пропускаем участок: Малинки Парк: участок 50
 ... Пропускаем участок: Малинки Парк: участок 51
 ... Пропускаем участок: Малинки Парк: участок 52
 ... Пропускаем участок: Малинки Парк: участок 53
 ... Пропускаем участок: Малинки Парк: участок 54
 ... Пропускаем участок: Малинки Парк: участок 55
Обновляем участок: Малинки Парк: участок 56

Обновляем поселок: Малинки Парк
 - Участков продано: 19
 - Участков в продаже: 37
 - Стоимость участка min: 762000
 - Стоимость участка max: 4236800
 - Цена за сотку min: 200000
 - Цена за сотку max: 320000
 - Акция: ДА 

Участки в фиде:
 - Свободно: 37
 - Продано: 19
 - Технический: 2

Мишутинская слобода

 ... Пропускаем участок: Мишутинская слобода: участок 5
 ... Пропускаем участок: Мишутинская слобода: участок 6
 ... Пропускаем участок: Мишутинская слобода: участок 7
 ... Пропускаем участок: Мишутинская слобода: участок 8
 ... Пропускаем участок: Мишутинская слобода: участок 19
 ... Пропускаем участок: Мишутинская слобода: участок 20
 ... Пропускаем участок: Мишутинская слобода: участок 21
 ... Пропускаем участок: Мишутинская слобода: участок 22
 ... Пропускаем участок: Мишутинская слобода: участок 23
 ... Пропускаем участок: Мишутинская слобода: участок 24
 ... Пропускаем участок: Мишутинская слобода: участок 26
 ... Пропускаем участок: Мишутинская слобода: участок 29
 ... Пропускаем участок: Мишутинская слобода: участок 30
 ... Пропускаем участок: Мишутинская слобода: участок 31
 ... Пропускаем участок: Мишутинская слобода: участок 33
 ... Пропускаем участок: Мишутинская слобода: участок 34
 ... Пропускаем участок: Мишутинская слобода: участок 35
 ... Пропускаем участок: Мишутинская слобода: участок 37
 ... Пропускаем участок: Мишутинская слобода: участок 38
 ... Пропускаем участок: Мишутинская слобода: участок 39
 ... Пропускаем участок: Мишутинская слобода: участок 40
 ... Пропускаем участок: Мишутинская слобода: участок 41
 ... Пропускаем участок: Мишутинская слобода: участок 42
 ... Пропускаем участок: Мишутинская слобода: участок 43
 ... Пропускаем участок: Мишутинская слобода: участок 44
 ... Пропускаем участок: Мишутинская слобода: участок 45
 ... Пропускаем участок: Мишутинская слобода: участок 46
 ... Пропускаем участок: Мишутинская слобода: участок 48
 ... Пропускаем участок: Мишутинская слобода: участок 49
 ... Пропускаем участок: Мишутинская слобода: участок 50
 ... Пропускаем участок: Мишутинская слобода: участок 51
 ... Пропускаем участок: Мишутинская слобода: участок 52
 ... Пропускаем участок: Мишутинская слобода: участок 53
 ... Пропускаем участок: Мишутинская слобода: участок 54
 ... Пропускаем участок: Мишутинская слобода: участок 55
 ... Пропускаем участок: Мишутинская слобода: участок 56
 ... Пропускаем участок: Мишутинская слобода: участок 57
 ... Пропускаем участок: Мишутинская слобода: участок 60
 ... Пропускаем участок: Мишутинская слобода: участок 62
 ... Пропускаем участок: Мишутинская слобода: участок 63
 ... Пропускаем участок: Мишутинская слобода: участок 64
 ... Пропускаем участок: Мишутинская слобода: участок 66
 ... Пропускаем участок: Мишутинская слобода: участок 67
 ... Пропускаем участок: Мишутинская слобода: участок 68
 ... Пропускаем участок: Мишутинская слобода: участок 69
 ... Пропускаем участок: Мишутинская слобода: участок 70
 ... Пропускаем участок: Мишутинская слобода: участок 71
 ... Пропускаем участок: Мишутинская слобода: участок 72
 ... Пропускаем участок: Мишутинская слобода: участок 75
 ... Пропускаем участок: Мишутинская слобода: участок 76
 ... Пропускаем участок: Мишутинская слобода: участок 77
 ... Пропускаем участок: Мишутинская слобода: участок 78
 ... Пропускаем участок: Мишутинская слобода: участок 79
 ... Пропускаем участок: Мишутинская слобода: участок 80
 ... Пропускаем участок: Мишутинская слобода: участок 81
 ... Пропускаем участок: Мишутинская слобода: участок 98
 ... Пропускаем участок: Мишутинская слобода: участок 99
 ... Пропускаем участок: Мишутинская слобода: участок 100
 ... Пропускаем участок: Мишутинская слобода: участок 101
 ... Пропускаем участок: Мишутинская слобода: участок 102
 ... Пропускаем участок: Мишутинская слобода: участок 113
 ... Пропускаем участок: Мишутинская слобода: участок 114
 ... Пропускаем участок: Мишутинская слобода: участок 115
 ... Пропускаем участок: Мишутинская слобода: участок 116
 ... Пропускаем участок: Мишутинская слобода: участок 127
 ... Пропускаем участок: Мишутинская слобода: участок 129
 ... Пропускаем участок: Мишутинская слобода: участок 130
 ... Пропускаем участок: Мишутинская слобода: участок 131
 ... Пропускаем участок: Мишутинская слобода: участок 132
 ... Пропускаем участок: Мишутинская слобода: участок 134
 ... Пропускаем участок: Мишутинская слобода: участок 136
 ... Пропускаем участок: Мишутинская слобода: участок 137
 ... Пропускаем участок: Мишутинская слобода: участок 138
 ... Пропускаем участок: Мишутинская слобода: участок 139
 ... Пропускаем участок: Мишутинская слобода: участок 140
 ... Пропускаем участок: Мишутинская слобода: участок 141
 ... Пропускаем участок: Мишутинская слобода: участок 142
 ... Пропускаем участок: Мишутинская слобода: участок 143
 ... Пропускаем участок: Мишутинская слобода: участок 144
 ... Пропускаем участок: Мишутинская слобода: участок 145
 ... Пропускаем участок: Мишутинская слобода: участок 146
 ... Пропускаем участок: Мишутинская слобода: участок 147
 ... Пропускаем участок: Мишутинская слобода: участок 164
 ... Пропускаем участок: Мишутинская слобода: участок 165
 ... Пропускаем участок: Мишутинская слобода: участок 166
 ... Пропускаем участок: Мишутинская слобода: участок 167
 ... Пропускаем участок: Мишутинская слобода: участок 168
 ... Пропускаем участок: Мишутинская слобода: участок 169
 ... Пропускаем участок: Мишутинская слобода: участок 170
 ... Пропускаем участок: Мишутинская слобода: участок 171
 ... Пропускаем участок: Мишутинская слобода: участок 172
 ... Пропускаем участок: Мишутинская слобода: участок 173
 ... Пропускаем участок: Мишутинская слобода: участок 174
 ... Пропускаем участок: Мишутинская слобода: участок 175
 ... Пропускаем участок: Мишутинская слобода: участок 176
 ... Пропускаем участок: Мишутинская слобода: участок 177
 ... Пропускаем участок: Мишутинская слобода: участок 178
 ... Пропускаем участок: Мишутинская слобода: участок 179
 ... Пропускаем участок: Мишутинская слобода: участок 180
 ... Пропускаем участок: Мишутинская слобода: участок 181
 ... Пропускаем участок: Мишутинская слобода: участок 182
 ... Пропускаем участок: Мишутинская слобода: участок 183
 ... Пропускаем участок: Мишутинская слобода: участок 184
 ... Пропускаем участок: Мишутинская слобода: участок 185
 ... Пропускаем участок: Мишутинская слобода: участок 186
 ... Пропускаем участок: Мишутинская слобода: участок 187
 ... Пропускаем участок: Мишутинская слобода: участок 217
 ... Пропускаем участок: Мишутинская слобода: участок 242
 ... Пропускаем участок: Мишутинская слобода: участок 243
 ... Пропускаем участок: Мишутинская слобода: участок 244
 ... Пропускаем участок: Мишутинская слобода: участок 245
 ... Пропускаем участок: Мишутинская слобода: участок 248
 ... Пропускаем участок: Мишутинская слобода: участок 249
 ... Пропускаем участок: Мишутинская слобода: участок 250
 ... Пропускаем участок: Мишутинская слобода: участок 251
 ... Пропускаем участок: Мишутинская слобода: участок 252
 ... Пропускаем участок: Мишутинская слобода: участок 253
 ... Пропускаем участок: Мишутинская слобода: участок 254
 ... Пропускаем участок: Мишутинская слобода: участок 255
 ... Пропускаем участок: Мишутинская слобода: участок 256
 ... Пропускаем участок: Мишутинская слобода: участок 257
 ... Пропускаем участок: Мишутинская слобода: участок 258
 ... Пропускаем участок: Мишутинская слобода: участок 259
 ... Пропускаем участок: Мишутинская слобода: участок 260
 ... Пропускаем участок: Мишутинская слобода: участок 261
 ... Пропускаем участок: Мишутинская слобода: участок 262
 ... Пропускаем участок: Мишутинская слобода: участок 263
 ... Пропускаем участок: Мишутинская слобода: участок 264
 ... Пропускаем участок: Мишутинская слобода: участок 266
 ... Пропускаем участок: Мишутинская слобода: участок 267
 ... Пропускаем участок: Мишутинская слобода: участок 268
 ... Пропускаем участок: Мишутинская слобода: участок 269
 ... Пропускаем участок: Мишутинская слобода: участок 270
 ... Пропускаем участок: Мишутинская слобода: участок 272
 ... Пропускаем участок: Мишутинская слобода: участок 273
 ... Пропускаем участок: Мишутинская слобода: участок 274
 ... Пропускаем участок: Мишутинская слобода: участок 275
 ... Пропускаем участок: Мишутинская слобода: участок 276
 ... Пропускаем участок: Мишутинская слобода: участок 277
 ... Пропускаем участок: Мишутинская слобода: участок 278
 ... Пропускаем участок: Мишутинская слобода: участок 279
 ... Пропускаем участок: Мишутинская слобода: участок 280
 ... Пропускаем участок: Мишутинская слобода: участок 281
 ... Пропускаем участок: Мишутинская слобода: участок 282
 ... Пропускаем участок: Мишутинская слобода: участок 283
 ... Пропускаем участок: Мишутинская слобода: участок 284
 ... Пропускаем участок: Мишутинская слобода: участок 285

Участки в фиде:
 - Свободно: 160
 - Продано: 120
 - Технический: 5

Рижские зори

Обновляем участок: Рижские зори: участок 4
Обновляем участок: Рижские зори: участок 5
Обновляем участок: Рижские зори: участок 22
Обновляем участок: Рижские зори: участок 23
 ... Пропускаем участок: Рижские зори: участок 24
Обновляем участок: Рижские зори: участок 30
Обновляем участок: Рижские зори: участок 31
 ... Пропускаем участок: Рижские зори: участок 32
 ... Пропускаем участок: Рижские зори: участок 33
 ... Пропускаем участок: Рижские зори: участок 34
 ... Пропускаем участок: Рижские зори: участок 35
 ... Пропускаем участок: Рижские зори: участок 37
 ... Пропускаем участок: Рижские зори: участок 38
 ... Пропускаем участок: Рижские зори: участок 39
 ... Пропускаем участок: Рижские зори: участок 40
 ... Пропускаем участок: Рижские зори: участок 42
 ... Пропускаем участок: Рижские зори: участок 43
 ... Пропускаем участок: Рижские зори: участок 47
 ... Пропускаем участок: Рижские зори: участок 48
 ... Пропускаем участок: Рижские зори: участок 49
 ... Пропускаем участок: Рижские зори: участок 50
 ... Пропускаем участок: Рижские зори: участок 51
 ... Пропускаем участок: Рижские зори: участок 52
 ... Пропускаем участок: Рижские зори: участок 54
 ... Пропускаем участок: Рижские зори: участок 55
 ... Пропускаем участок: Рижские зори: участок 56
 ... Пропускаем участок: Рижские зори: участок 59
 ... Пропускаем участок: Рижские зори: участок 60
 ... Пропускаем участок: Рижские зори: участок 61
 ... Пропускаем участок: Рижские зори: участок 62
 ... Пропускаем участок: Рижские зори: участок 66
 ... Пропускаем участок: Рижские зори: участок 67
Обновляем участок: Рижские зори: участок 74
Обновляем участок: Рижские зори: участок 75
Обновляем участок: Рижские зори: участок 76
 ... Пропускаем участок: Рижские зори: участок 77
 ... Пропускаем участок: Рижские зори: участок 78
 ... Пропускаем участок: Рижские зори: участок 81
 ... Пропускаем участок: Рижские зори: участок 82
 ... Пропускаем участок: Рижские зори: участок 83
 ... Пропускаем участок: Рижские зори: участок 84
 ... Пропускаем участок: Рижские зори: участок 85
 ... Пропускаем участок: Рижские зори: участок 97
 ... Пропускаем участок: Рижские зори: участок 105
 ... Пропускаем участок: Рижские зори: участок 115
 ... Пропускаем участок: Рижские зори: участок 120
 ... Пропускаем участок: Рижские зори: участок 121
 ... Пропускаем участок: Рижские зори: участок 122
 ... Пропускаем участок: Рижские зори: участок 123
 ... Пропускаем участок: Рижские зори: участок 124
 ... Пропускаем участок: Рижские зори: участок 125
 ... Пропускаем участок: Рижские зори: участок 126
 ... Пропускаем участок: Рижские зори: участок 127
 ... Пропускаем участок: Рижские зори: участок 128
 ... Пропускаем участок: Рижские зори: участок 129
 ... Пропускаем участок: Рижские зори: участок 130
 ... Пропускаем участок: Рижские зори: участок 131
 ... Пропускаем участок: Рижские зори: участок 132
 ... Пропускаем участок: Рижские зори: участок 133
 ... Пропускаем участок: Рижские зори: участок 134
 ... Пропускаем участок: Рижские зори: участок 135
 ... Пропускаем участок: Рижские зори: участок 142
 ... Пропускаем участок: Рижские зори: участок 143
 ... Пропускаем участок: Рижские зори: участок 144
 ... Пропускаем участок: Рижские зори: участок 145
 ... Пропускаем участок: Рижские зори: участок 151
 ... Пропускаем участок: Рижские зори: участок 152
 ... Пропускаем участок: Рижские зори: участок 153
 ... Пропускаем участок: Рижские зори: участок 154
 ... Пропускаем участок: Рижские зори: участок 155
 ... Пропускаем участок: Рижские зори: участок 156
 ... Пропускаем участок: Рижские зори: участок 157
 ... Пропускаем участок: Рижские зори: участок 158
 ... Пропускаем участок: Рижские зори: участок 159
 ... Пропускаем участок: Рижские зори: участок 160
 ... Пропускаем участок: Рижские зори: участок 161
 ... Пропускаем участок: Рижские зори: участок 162
 ... Пропускаем участок: Рижские зори: участок 163
 ... Пропускаем участок: Рижские зори: участок 164
 ... Пропускаем участок: Рижские зори: участок 165
 ... Пропускаем участок: Рижские зори: участок 166
 ... Пропускаем участок: Рижские зори: участок 167
 ... Пропускаем участок: Рижские зори: участок 169
 ... Пропускаем участок: Рижские зори: участок 170
 ... Пропускаем участок: Рижские зори: участок 172
 ... Пропускаем участок: Рижские зори: участок 173
 ... Пропускаем участок: Рижские зори: участок 175
 ... Пропускаем участок: Рижские зори: участок 177
 ... Пропускаем участок: Рижские зори: участок 178
 ... Пропускаем участок: Рижские зори: участок 179
 ... Пропускаем участок: Рижские зори: участок 180
 ... Пропускаем участок: Рижские зори: участок 184
 ... Пропускаем участок: Рижские зори: участок 187
 ... Пропускаем участок: Рижские зори: участок 192
 ... Пропускаем участок: Рижские зори: участок 196
 ... Пропускаем участок: Рижские зори: участок 197
 ... Пропускаем участок: Рижские зори: участок 198
 ... Пропускаем участок: Рижские зори: участок 203
 ... Пропускаем участок: Рижские зори: участок 204
 ... Пропускаем участок: Рижские зори: участок 207
 ... Пропускаем участок: Рижские зори: участок 209
 ... Пропускаем участок: Рижские зори: участок 210
 ... Пропускаем участок: Рижские зори: участок 211
 ... Пропускаем участок: Рижские зори: участок 212
 ... Пропускаем участок: Рижские зори: участок 213
 ... Пропускаем участок: Рижские зори: участок 214
 ... Пропускаем участок: Рижские зори: участок 215
 ... Пропускаем участок: Рижские зори: участок 216
 ... Пропускаем участок: Рижские зори: участок 217
 ... Пропускаем участок: Рижские зори: участок 218
 ... Пропускаем участок: Рижские зори: участок 219
 ... Пропускаем участок: Рижские зори: участок 220
 ... Пропускаем участок: Рижские зори: участок 221
 ... Пропускаем участок: Рижские зори: участок 222
 ... Пропускаем участок: Рижские зори: участок 223
 ... Пропускаем участок: Рижские зори: участок 224
 ... Пропускаем участок: Рижские зори: участок 225
 ... Пропускаем участок: Рижские зори: участок 228
 ... Пропускаем участок: Рижские зори: участок 229
 ... Пропускаем участок: Рижские зори: участок 230
Обновляем участок: Рижские зори: участок 235
Обновляем участок: Рижские зори: участок 236
Обновляем участок: Рижские зори: участок 237
 ... Пропускаем участок: Рижские зори: участок 238
 ... Пропускаем участок: Рижские зори: участок 239
 ... Пропускаем участок: Рижские зори: участок 240
 ... Пропускаем участок: Рижские зори: участок 241
 ... Пропускаем участок: Рижские зори: участок 242
 ... Пропускаем участок: Рижские зори: участок 243
 ... Пропускаем участок: Рижские зори: участок 244
 ... Пропускаем участок: Рижские зори: участок 245
 ... Пропускаем участок: Рижские зори: участок 246
 ... Пропускаем участок: Рижские зори: участок 247
 ... Пропускаем участок: Рижские зори: участок 248
 ... Пропускаем участок: Рижские зори: участок 249
 ... Пропускаем участок: Рижские зори: участок 250
 ... Пропускаем участок: Рижские зори: участок 269
 ... Пропускаем участок: Рижские зори: участок 272
Участок: Рижские зори: участок 272 - деактивирован! 
 ... Пропускаем участок: Рижские зори: участок 294
 ... Пропускаем участок: Рижские зори: участок 309
 ... Пропускаем участок: Рижские зори: участок 310
 ... Пропускаем участок: Рижские зори: участок 311
 ... Пропускаем участок: Рижские зори: участок 312
 ... Пропускаем участок: Рижские зори: участок 313
 ... Пропускаем участок: Рижские зори: участок 314
 ... Пропускаем участок: Рижские зори: участок 315
 ... Пропускаем участок: Рижские зори: участок 316
 ... Пропускаем участок: Рижские зори: участок 317
 ... Пропускаем участок: Рижские зори: участок 319
 ... Пропускаем участок: Рижские зори: участок 320
 ... Пропускаем участок: Рижские зори: участок 321
 ... Пропускаем участок: Рижские зори: участок 322
 ... Пропускаем участок: Рижские зори: участок 323
 ... Пропускаем участок: Рижские зори: участок 324
 ... Пропускаем участок: Рижские зори: участок 325
 ... Пропускаем участок: Рижские зори: участок 327
 ... Пропускаем участок: Рижские зори: участок 328
Обновляем участок: Рижские зори: участок 329
 ... Пропускаем участок: Рижские зори: участок 330
Обновляем участок: Рижские зори: участок 331
Добавляем участок: Рижские зори: участок 332
 ... Пропускаем участок: Рижские зори: участок 334
 ... Пропускаем участок: Рижские зори: участок 335
 ... Пропускаем участок: Рижские зори: участок 336
 ... Пропускаем участок: Рижские зори: участок 337
 ... Пропускаем участок: Рижские зори: участок 338
 ... Пропускаем участок: Рижские зори: участок 339
 ... Пропускаем участок: Рижские зори: участок 340
 ... Пропускаем участок: Рижские зори: участок 341
 ... Пропускаем участок: Рижские зори: участок 342
 ... Пропускаем участок: Рижские зори: участок 343
 ... Пропускаем участок: Рижские зори: участок 344
 ... Пропускаем участок: Рижские зори: участок 345
 ... Пропускаем участок: Рижские зори: участок 346
 ... Пропускаем участок: Рижские зори: участок 347
 ... Пропускаем участок: Рижские зори: участок 348
 ... Пропускаем участок: Рижские зори: участок 349
 ... Пропускаем участок: Рижские зори: участок 350
 ... Пропускаем участок: Рижские зори: участок 351
 ... Пропускаем участок: Рижские зори: участок 355
 ... Пропускаем участок: Рижские зори: участок 356
 ... Пропускаем участок: Рижские зори: участок 359
 ... Пропускаем участок: Рижские зори: участок 361
 ... Пропускаем участок: Рижские зори: участок 362
 ... Пропускаем участок: Рижские зори: участок 363
 ... Пропускаем участок: Рижские зори: участок 364
 ... Пропускаем участок: Рижские зори: участок 366
 ... Пропускаем участок: Рижские зори: участок 367
 ... Пропускаем участок: Рижские зори: участок 368
 ... Пропускаем участок: Рижские зори: участок 369
 ... Пропускаем участок: Рижские зори: участок 370
 ... Пропускаем участок: Рижские зори: участок 371
 ... Пропускаем участок: Рижские зори: участок 378
 ... Пропускаем участок: Рижские зори: участок 394
 ... Пропускаем участок: Рижские зори: участок 398
 ... Пропускаем участок: Рижские зори: участок 399
 ... Пропускаем участок: Рижские зори: участок 400
 ... Пропускаем участок: Рижские зори: участок 401
 ... Пропускаем участок: Рижские зори: участок 402
 ... Пропускаем участок: Рижские зори: участок 403
 ... Пропускаем участок: Рижские зори: участок 404
 ... Пропускаем участок: Рижские зори: участок 413
 ... Пропускаем участок: Рижские зори: участок 415
 ... Пропускаем участок: Рижские зори: участок 416
 ... Пропускаем участок: Рижские зори: участок 417
 ... Пропускаем участок: Рижские зори: участок 418
 ... Пропускаем участок: Рижские зори: участок 419
 ... Пропускаем участок: Рижские зори: участок 420
 ... Пропускаем участок: Рижские зори: участок 421
 ... Пропускаем участок: Рижские зори: участок 422
 ... Пропускаем участок: Рижские зори: участок 425
 ... Пропускаем участок: Рижские зори: участок 426
 ... Пропускаем участок: Рижские зори: участок 427
 ... Пропускаем участок: Рижские зори: участок 428
 ... Пропускаем участок: Рижские зори: участок 429
 ... Пропускаем участок: Рижские зори: участок 433
 ... Пропускаем участок: Рижские зори: участок 434
 ... Пропускаем участок: Рижские зори: участок 435
 ... Пропускаем участок: Рижские зори: участок 436
 ... Пропускаем участок: Рижские зори: участок 437
 ... Пропускаем участок: Рижские зори: участок 438
 ... Пропускаем участок: Рижские зори: участок 439
 ... Пропускаем участок: Рижские зори: участок 440
 ... Пропускаем участок: Рижские зори: участок 441
 ... Пропускаем участок: Рижские зори: участок 442
 ... Пропускаем участок: Рижские зори: участок 443
 ... Пропускаем участок: Рижские зори: участок 444
 ... Пропускаем участок: Рижские зори: участок 445
 ... Пропускаем участок: Рижские зори: участок 446
 ... Пропускаем участок: Рижские зори: участок 447
 ... Пропускаем участок: Рижские зори: участок 448
 ... Пропускаем участок: Рижские зори: участок 449
 ... Пропускаем участок: Рижские зори: участок 450
 ... Пропускаем участок: Рижские зори: участок 451
 ... Пропускаем участок: Рижские зори: участок 452
 ... Пропускаем участок: Рижские зори: участок 453
 ... Пропускаем участок: Рижские зори: участок 454
 ... Пропускаем участок: Рижские зори: участок 455
 ... Пропускаем участок: Рижские зори: участок 456
 ... Пропускаем участок: Рижские зори: участок 457
 ... Пропускаем участок: Рижские зори: участок 458
 ... Пропускаем участок: Рижские зори: участок 459
 ... Пропускаем участок: Рижские зори: участок 460
 ... Пропускаем участок: Рижские зори: участок 461
 ... Пропускаем участок: Рижские зори: участок 462
 ... Пропускаем участок: Рижские зори: участок 463
 ... Пропускаем участок: Рижские зори: участок 464
 ... Пропускаем участок: Рижские зори: участок 465
 ... Пропускаем участок: Рижские зори: участок 466
 ... Пропускаем участок: Рижские зори: участок 467
 ... Пропускаем участок: Рижские зори: участок 468
 ... Пропускаем участок: Рижские зори: участок 469
 ... Пропускаем участок: Рижские зори: участок 470
 ... Пропускаем участок: Рижские зори: участок 471
 ... Пропускаем участок: Рижские зори: участок 472
 ... Пропускаем участок: Рижские зори: участок 473
 ... Пропускаем участок: Рижские зори: участок 474
 ... Пропускаем участок: Рижские зори: участок 475
 ... Пропускаем участок: Рижские зори: участок 476
 ... Пропускаем участок: Рижские зори: участок 477
 ... Пропускаем участок: Рижские зори: участок 480
 ... Пропускаем участок: Рижские зори: участок 481
 ... Пропускаем участок: Рижские зори: участок 483
 ... Пропускаем участок: Рижские зори: участок 484
 ... Пропускаем участок: Рижские зори: участок 485
 ... Пропускаем участок: Рижские зори: участок 486
 ... Пропускаем участок: Рижские зори: участок 487
 ... Пропускаем участок: Рижские зори: участок 488
 ... Пропускаем участок: Рижские зори: участок 489
 ... Пропускаем участок: Рижские зори: участок 490
 ... Пропускаем участок: Рижские зори: участок 491
 ... Пропускаем участок: Рижские зори: участок 492
 ... Пропускаем участок: Рижские зори: участок 493
 ... Пропускаем участок: Рижские зори: участок 494
 ... Пропускаем участок: Рижские зори: участок 495
 ... Пропускаем участок: Рижские зори: участок 496
 ... Пропускаем участок: Рижские зори: участок 497
 ... Пропускаем участок: Рижские зори: участок 498
 ... Пропускаем участок: Рижские зори: участок 499
 ... Пропускаем участок: Рижские зори: участок 500
 ... Пропускаем участок: Рижские зори: участок 501
 ... Пропускаем участок: Рижские зори: участок 502
 ... Пропускаем участок: Рижские зори: участок 503
 ... Пропускаем участок: Рижские зори: участок 504
 ... Пропускаем участок: Рижские зори: участок 505
 ... Пропускаем участок: Рижские зори: участок 506
 ... Пропускаем участок: Рижские зори: участок 507
 ... Пропускаем участок: Рижские зори: участок 508
 ... Пропускаем участок: Рижские зори: участок 509
 ... Пропускаем участок: Рижские зори: участок 510
 ... Пропускаем участок: Рижские зори: участок 511
 ... Пропускаем участок: Рижские зори: участок 512
 ... Пропускаем участок: Рижские зори: участок 513
 ... Пропускаем участок: Рижские зори: участок 514
 ... Пропускаем участок: Рижские зори: участок 515
 ... Пропускаем участок: Рижские зори: участок 516
 ... Пропускаем участок: Рижские зори: участок 517
 ... Пропускаем участок: Рижские зори: участок 518
 ... Пропускаем участок: Рижские зори: участок 519
 ... Пропускаем участок: Рижские зори: участок 520
 ... Пропускаем участок: Рижские зори: участок 521
 ... Пропускаем участок: Рижские зори: участок 522
 ... Пропускаем участок: Рижские зори: участок 523
 ... Пропускаем участок: Рижские зори: участок 524
 ... Пропускаем участок: Рижские зори: участок 525
 ... Пропускаем участок: Рижские зори: участок 526
 ... Пропускаем участок: Рижские зори: участок 527
 ... Пропускаем участок: Рижские зори: участок 528
 ... Пропускаем участок: Рижские зори: участок 529
 ... Пропускаем участок: Рижские зори: участок 530
 ... Пропускаем участок: Рижские зори: участок 531
 ... Пропускаем участок: Рижские зори: участок 532
 ... Пропускаем участок: Рижские зори: участок 533
 ... Пропускаем участок: Рижские зори: участок 534
 ... Пропускаем участок: Рижские зори: участок 535
 ... Пропускаем участок: Рижские зори: участок 536
 ... Пропускаем участок: Рижские зори: участок 537
 ... Пропускаем участок: Рижские зори: участок 538
 ... Пропускаем участок: Рижские зори: участок 539
 ... Пропускаем участок: Рижские зори: участок 540
 ... Пропускаем участок: Рижские зори: участок 541
 ... Пропускаем участок: Рижские зори: участок 542
 ... Пропускаем участок: Рижские зори: участок 543
 ... Пропускаем участок: Рижские зори: участок 544
 ... Пропускаем участок: Рижские зори: участок 545
 ... Пропускаем участок: Рижские зори: участок 546
 ... Пропускаем участок: Рижские зори: участок 547
 ... Пропускаем участок: Рижские зори: участок 548
 ... Пропускаем участок: Рижские зори: участок 549
 ... Пропускаем участок: Рижские зори: участок 550
 ... Пропускаем участок: Рижские зори: участок 551
 ... Пропускаем участок: Рижские зори: участок 552
 ... Пропускаем участок: Рижские зори: участок 553
 ... Пропускаем участок: Рижские зори: участок 554
 ... Пропускаем участок: Рижские зори: участок 555
 ... Пропускаем участок: Рижские зори: участок 556
 ... Пропускаем участок: Рижские зори: участок 557
 ... Пропускаем участок: Рижские зори: участок 558
 ... Пропускаем участок: Рижские зори: участок 559
 ... Пропускаем участок: Рижские зори: участок 560
 ... Пропускаем участок: Рижские зори: участок 561
 ... Пропускаем участок: Рижские зори: участок 562
 ... Пропускаем участок: Рижские зори: участок 563
 ... Пропускаем участок: Рижские зори: участок 564
 ... Пропускаем участок: Рижские зори: участок 565
 ... Пропускаем участок: Рижские зори: участок 566
 ... Пропускаем участок: Рижские зори: участок 567
 ... Пропускаем участок: Рижские зори: участок 568
 ... Пропускаем участок: Рижские зори: участок 569
 ... Пропускаем участок: Рижские зори: участок 570
 ... Пропускаем участок: Рижские зори: участок 571
 ... Пропускаем участок: Рижские зори: участок 572
 ... Пропускаем участок: Рижские зори: участок 573
 ... Пропускаем участок: Рижские зори: участок 574
 ... Пропускаем участок: Рижские зори: участок 575
 ... Пропускаем участок: Рижские зори: участок 576
 ... Пропускаем участок: Рижские зори: участок 577
 ... Пропускаем участок: Рижские зори: участок 578
 ... Пропускаем участок: Рижские зори: участок 579
 ... Пропускаем участок: Рижские зори: участок 580
 ... Пропускаем участок: Рижские зори: участок 581
 ... Пропускаем участок: Рижские зори: участок 582
 ... Пропускаем участок: Рижские зори: участок 583
 ... Пропускаем участок: Рижские зори: участок 584
 ... Пропускаем участок: Рижские зори: участок 585
 ... Пропускаем участок: Рижские зори: участок 586
 ... Пропускаем участок: Рижские зори: участок 587
 ... Пропускаем участок: Рижские зори: участок 588
 ... Пропускаем участок: Рижские зори: участок 589
 ... Пропускаем участок: Рижские зори: участок 590
 ... Пропускаем участок: Рижские зори: участок 591
 ... Пропускаем участок: Рижские зори: участок 592
 ... Пропускаем участок: Рижские зори: участок 593
 ... Пропускаем участок: Рижские зори: участок 594
 ... Пропускаем участок: Рижские зори: участок 595
 ... Пропускаем участок: Рижские зори: участок 596
 ... Пропускаем участок: Рижские зори: участок 597
 ... Пропускаем участок: Рижские зори: участок 598
 ... Пропускаем участок: Рижские зори: участок 599
 ... Пропускаем участок: Рижские зори: участок 600
 ... Пропускаем участок: Рижские зори: участок 601
 ... Пропускаем участок: Рижские зори: участок 602
 ... Пропускаем участок: Рижские зори: участок 603
 ... Пропускаем участок: Рижские зори: участок 604
 ... Пропускаем участок: Рижские зори: участок 605
 ... Пропускаем участок: Рижские зори: участок 606
 ... Пропускаем участок: Рижские зори: участок 607
 ... Пропускаем участок: Рижские зори: участок 608
 ... Пропускаем участок: Рижские зори: участок 609
 ... Пропускаем участок: Рижские зори: участок 610
 ... Пропускаем участок: Рижские зори: участок 611
 ... Пропускаем участок: Рижские зори: участок 612
 ... Пропускаем участок: Рижские зори: участок 613
 ... Пропускаем участок: Рижские зори: участок 614
 ... Пропускаем участок: Рижские зори: участок 615
 ... Пропускаем участок: Рижские зори: участок 616
 ... Пропускаем участок: Рижские зори: участок 617
 ... Пропускаем участок: Рижские зори: участок 618
 ... Пропускаем участок: Рижские зори: участок 619
 ... Пропускаем участок: Рижские зори: участок 620
 ... Пропускаем участок: Рижские зори: участок 621
 ... Пропускаем участок: Рижские зори: участок 622
 ... Пропускаем участок: Рижские зори: участок 623
 ... Пропускаем участок: Рижские зори: участок 624
 ... Пропускаем участок: Рижские зори: участок 625
 ... Пропускаем участок: Рижские зори: участок 626
 ... Пропускаем участок: Рижские зори: участок 627
 ... Пропускаем участок: Рижские зори: участок 628
 ... Пропускаем участок: Рижские зори: участок 629
 ... Пропускаем участок: Рижские зори: участок 630
 ... Пропускаем участок: Рижские зори: участок 631
 ... Пропускаем участок: Рижские зори: участок 632
 ... Пропускаем участок: Рижские зори: участок 633
 ... Пропускаем участок: Рижские зори: участок 634
 ... Пропускаем участок: Рижские зори: участок 635
 ... Пропускаем участок: Рижские зори: участок 636
 ... Пропускаем участок: Рижские зори: участок 637
 ... Пропускаем участок: Рижские зори: участок 638
 ... Пропускаем участок: Рижские зори: участок 639
 ... Пропускаем участок: Рижские зори: участок 640
 ... Пропускаем участок: Рижские зори: участок 641
 ... Пропускаем участок: Рижские зори: участок 642
 ... Пропускаем участок: Рижские зори: участок 643
 ... Пропускаем участок: Рижские зори: участок 644
 ... Пропускаем участок: Рижские зори: участок 645
 ... Пропускаем участок: Рижские зори: участок 646
 ... Пропускаем участок: Рижские зори: участок 647
 ... Пропускаем участок: Рижские зори: участок 648
 ... Пропускаем участок: Рижские зори: участок 649
 ... Пропускаем участок: Рижские зори: участок 650
 ... Пропускаем участок: Рижские зори: участок 651
 ... Пропускаем участок: Рижские зори: участок 652
 ... Пропускаем участок: Рижские зори: участок 653
 ... Пропускаем участок: Рижские зори: участок 654
 ... Пропускаем участок: Рижские зори: участок 655
 ... Пропускаем участок: Рижские зори: участок 656
 ... Пропускаем участок: Рижские зори: участок 657
 ... Пропускаем участок: Рижские зори: участок 658
 ... Пропускаем участок: Рижские зори: участок 659
 ... Пропускаем участок: Рижские зори: участок 660
 ... Пропускаем участок: Рижские зори: участок 661
 ... Пропускаем участок: Рижские зори: участок 662
 ... Пропускаем участок: Рижские зори: участок 663
 ... Пропускаем участок: Рижские зори: участок 664
 ... Пропускаем участок: Рижские зори: участок 665
 ... Пропускаем участок: Рижские зори: участок 666
 ... Пропускаем участок: Рижские зори: участок 667
 ... Пропускаем участок: Рижские зори: участок 668
 ... Пропускаем участок: Рижские зори: участок 669
 ... Пропускаем участок: Рижские зори: участок 671
 ... Пропускаем участок: Рижские зори: участок 672
 ... Пропускаем участок: Рижские зори: участок 673
 ... Пропускаем участок: Рижские зори: участок 674
 ... Пропускаем участок: Рижские зори: участок 675
 ... Пропускаем участок: Рижские зори: участок 676
 ... Пропускаем участок: Рижские зори: участок 677
 ... Пропускаем участок: Рижские зори: участок 678
 ... Пропускаем участок: Рижские зори: участок 679
 ... Пропускаем участок: Рижские зори: участок 680
 ... Пропускаем участок: Рижские зори: участок 681
 ... Пропускаем участок: Рижские зори: участок 682
 ... Пропускаем участок: Рижские зори: участок 683
 ... Пропускаем участок: Рижские зори: участок 684
 ... Пропускаем участок: Рижские зори: участок 685
 ... Пропускаем участок: Рижские зори: участок 686
 ... Пропускаем участок: Рижские зори: участок 687
 ... Пропускаем участок: Рижские зори: участок 688
 ... Пропускаем участок: Рижские зори: участок 689
 ... Пропускаем участок: Рижские зори: участок 690
 ... Пропускаем участок: Рижские зори: участок 691
 ... Пропускаем участок: Рижские зори: участок 692
 ... Пропускаем участок: Рижские зори: участок 693
 ... Пропускаем участок: Рижские зори: участок 694
 ... Пропускаем участок: Рижские зори: участок 695
 ... Пропускаем участок: Рижские зори: участок 696
 ... Пропускаем участок: Рижские зори: участок 697
 ... Пропускаем участок: Рижские зори: участок 698
 ... Пропускаем участок: Рижские зори: участок 699
 ... Пропускаем участок: Рижские зори: участок 700
 ... Пропускаем участок: Рижские зори: участок 701
 ... Пропускаем участок: Рижские зори: участок 702
 ... Пропускаем участок: Рижские зори: участок 703
 ... Пропускаем участок: Рижские зори: участок 704
 ... Пропускаем участок: Рижские зори: участок 705
 ... Пропускаем участок: Рижские зори: участок 706
 ... Пропускаем участок: Рижские зори: участок 707
 ... Пропускаем участок: Рижские зори: участок 708
 ... Пропускаем участок: Рижские зори: участок 709
 ... Пропускаем участок: Рижские зори: участок 710
 ... Пропускаем участок: Рижские зори: участок 711
 ... Пропускаем участок: Рижские зори: участок 712
 ... Пропускаем участок: Рижские зори: участок 713
 ... Пропускаем участок: Рижские зори: участок 714
 ... Пропускаем участок: Рижские зори: участок 715
 ... Пропускаем участок: Рижские зори: участок 716
 ... Пропускаем участок: Рижские зори: участок 717
 ... Пропускаем участок: Рижские зори: участок 718
 ... Пропускаем участок: Рижские зори: участок 719
 ... Пропускаем участок: Рижские зори: участок 720
 ... Пропускаем участок: Рижские зори: участок 721
 ... Пропускаем участок: Рижские зори: участок 722
 ... Пропускаем участок: Рижские зори: участок 723
 ... Пропускаем участок: Рижские зори: участок 724
 ... Пропускаем участок: Рижские зори: участок 725
 ... Пропускаем участок: Рижские зори: участок 726
 ... Пропускаем участок: Рижские зори: участок 727
 ... Пропускаем участок: Рижские зори: участок 728
 ... Пропускаем участок: Рижские зори: участок 729
 ... Пропускаем участок: Рижские зори: участок 730
 ... Пропускаем участок: Рижские зори: участок 731
 ... Пропускаем участок: Рижские зори: участок 732
 ... Пропускаем участок: Рижские зори: участок 733
 ... Пропускаем участок: Рижские зори: участок 734
 ... Пропускаем участок: Рижские зори: участок 735
 ... Пропускаем участок: Рижские зори: участок 736
 ... Пропускаем участок: Рижские зори: участок 737
 ... Пропускаем участок: Рижские зори: участок 738
 ... Пропускаем участок: Рижские зори: участок 739
 ... Пропускаем участок: Рижские зори: участок 740
 ... Пропускаем участок: Рижские зори: участок 741
 ... Пропускаем участок: Рижские зори: участок 742
 ... Пропускаем участок: Рижские зори: участок 743
 ... Пропускаем участок: Рижские зори: участок 744
 ... Пропускаем участок: Рижские зори: участок 745
 ... Пропускаем участок: Рижские зори: участок 746
 ... Пропускаем участок: Рижские зори: участок 747
 ... Пропускаем участок: Рижские зори: участок 748
 ... Пропускаем участок: Рижские зори: участок 749
 ... Пропускаем участок: Рижские зори: участок 750
 ... Пропускаем участок: Рижские зори: участок 751
 ... Пропускаем участок: Рижские зори: участок 752
 ... Пропускаем участок: Рижские зори: участок 753
 ... Пропускаем участок: Рижские зори: участок 754
 ... Пропускаем участок: Рижские зори: участок 755
 ... Пропускаем участок: Рижские зори: участок 756
 ... Пропускаем участок: Рижские зори: участок 757
 ... Пропускаем участок: Рижские зори: участок 758
 ... Пропускаем участок: Рижские зори: участок 759
 ... Пропускаем участок: Рижские зори: участок 851
 ... Пропускаем участок: Рижские зори: участок 852
 ... Пропускаем участок: Рижские зори: участок 853
 ... Пропускаем участок: Рижские зори: участок 971
 ... Пропускаем участок: Рижские зори: участок 972
Обновляем участок: Рижские зори: участок 973
 ... Пропускаем участок: Рижские зори: участок 974
 ... Пропускаем участок: Рижские зори: участок 975
 ... Пропускаем участок: Рижские зори: участок 976
 ... Пропускаем участок: Рижские зори: участок 977
 ... Пропускаем участок: Рижские зори: участок 978
 ... Пропускаем участок: Рижские зори: участок 979
 ... Пропускаем участок: Рижские зори: участок 980
 ... Пропускаем участок: Рижские зори: участок 981
 ... Пропускаем участок: Рижские зори: участок 982
 ... Пропускаем участок: Рижские зори: участок 983
 ... Пропускаем участок: Рижские зори: участок 984
 ... Пропускаем участок: Рижские зори: участок 985
 ... Пропускаем участок: Рижские зори: участок 986
 ... Пропускаем участок: Рижские зори: участок 987
 ... Пропускаем участок: Рижские зори: участок 988
 ... Пропускаем участок: Рижские зори: участок 989
 ... Пропускаем участок: Рижские зори: участок 990
 ... Пропускаем участок: Рижские зори: участок 991
 ... Пропускаем участок: Рижские зори: участок 992
 ... Пропускаем участок: Рижские зори: участок 993
 ... Пропускаем участок: Рижские зори: участок 994
 ... Пропускаем участок: Рижские зори: участок 995
 ... Пропускаем участок: Рижские зори: участок 996
 ... Пропускаем участок: Рижские зори: участок 997
 ... Пропускаем участок: Рижские зори: участок 998
 ... Пропускаем участок: Рижские зори: участок 999
 ... Пропускаем участок: Рижские зори: участок 1000
 ... Пропускаем участок: Рижские зори: участок 1001
 ... Пропускаем участок: Рижские зори: участок 1002
 ... Пропускаем участок: Рижские зори: участок 1003
 ... Пропускаем участок: Рижские зори: участок 1004
 ... Пропускаем участок: Рижские зори: участок 1005
 ... Пропускаем участок: Рижские зори: участок 1006
 ... Пропускаем участок: Рижские зори: участок 1007
 ... Пропускаем участок: Рижские зори: участок 1092
 ... Пропускаем участок: Рижские зори: участок 1093
 ... Пропускаем участок: Рижские зори: участок 1094
 ... Пропускаем участок: Рижские зори: участок 1095
 ... Пропускаем участок: Рижские зори: участок 1096
 ... Пропускаем участок: Рижские зори: участок 1097
 ... Пропускаем участок: Рижские зори: участок 1098
 ... Пропускаем участок: Рижские зори: участок 1099
 ... Пропускаем участок: Рижские зори: участок 1100
 ... Пропускаем участок: Рижские зори: участок 1101
 ... Пропускаем участок: Рижские зори: участок 1102
 ... Пропускаем участок: Рижские зори: участок 1103
 ... Пропускаем участок: Рижские зори: участок 1104
 ... Пропускаем участок: Рижские зори: участок 1105
 ... Пропускаем участок: Рижские зори: участок 1106
 ... Пропускаем участок: Рижские зори: участок 1107
 ... Пропускаем участок: Рижские зори: участок 1108
 ... Пропускаем участок: Рижские зори: участок 1109
 ... Пропускаем участок: Рижские зори: участок 1110
 ... Пропускаем участок: Рижские зори: участок 1111
 ... Пропускаем участок: Рижские зори: участок 1112
 ... Пропускаем участок: Рижские зори: участок 1113
 ... Пропускаем участок: Рижские зори: участок 1114
 ... Пропускаем участок: Рижские зори: участок 1115
 ... Пропускаем участок: Рижские зори: участок 1116
 ... Пропускаем участок: Рижские зори: участок 1117
 ... Пропускаем участок: Рижские зори: участок 1118
 ... Пропускаем участок: Рижские зори: участок 1119
 ... Пропускаем участок: Рижские зори: участок 1120
 ... Пропускаем участок: Рижские зори: участок 1121
 ... Пропускаем участок: Рижские зори: участок 1122
 ... Пропускаем участок: Рижские зори: участок 1123
 ... Пропускаем участок: Рижские зори: участок 1124
 ... Пропускаем участок: Рижские зори: участок 1125
 ... Пропускаем участок: Рижские зори: участок 1126
 ... Пропускаем участок: Рижские зори: участок 1127
 ... Пропускаем участок: Рижские зори: участок 1128
 ... Пропускаем участок: Рижские зори: участок 1129
 ... Пропускаем участок: Рижские зори: участок 1130
 ... Пропускаем участок: Рижские зори: участок 1131
 ... Пропускаем участок: Рижские зори: участок 1132
 ... Пропускаем участок: Рижские зори: участок 1133
 ... Пропускаем участок: Рижские зори: участок 1134
 ... Пропускаем участок: Рижские зори: участок 1135
 ... Пропускаем участок: Рижские зори: участок 1136
 ... Пропускаем участок: Рижские зори: участок 1137
 ... Пропускаем участок: Рижские зори: участок 1138
 ... Пропускаем участок: Рижские зори: участок 1139
 ... Пропускаем участок: Рижские зори: участок 1140
 ... Пропускаем участок: Рижские зори: участок 1141
 ... Пропускаем участок: Рижские зори: участок 1142
 ... Пропускаем участок: Рижские зори: участок 1143
 ... Пропускаем участок: Рижские зори: участок 1144
 ... Пропускаем участок: Рижские зори: участок 1145
 ... Пропускаем участок: Рижские зори: участок 1146
 ... Пропускаем участок: Рижские зори: участок 1147
 ... Пропускаем участок: Рижские зори: участок 1148
 ... Пропускаем участок: Рижские зори: участок 1149
 ... Пропускаем участок: Рижские зори: участок 1150
 ... Пропускаем участок: Рижские зори: участок 1151
 ... Пропускаем участок: Рижские зори: участок 1186
 ... Пропускаем участок: Рижские зори: участок 1187
 ... Пропускаем участок: Рижские зори: участок 1188
 ... Пропускаем участок: Рижские зори: участок 1189
 ... Пропускаем участок: Рижские зори: участок 1190
 ... Пропускаем участок: Рижские зори: участок 1227
 ... Пропускаем участок: Рижские зори: участок 1228
 ... Пропускаем участок: Рижские зори: участок 1229
 ... Пропускаем участок: Рижские зори: участок 1230
 ... Пропускаем участок: Рижские зори: участок 1266
 ... Пропускаем участок: Рижские зори: участок 1267
 ... Пропускаем участок: Рижские зори: участок 1268
 ... Пропускаем участок: Рижские зори: участок 1269
 ... Пропускаем участок: Рижские зори: участок 1270
 ... Пропускаем участок: Рижские зори: участок 1271
 ... Пропускаем участок: Рижские зори: участок 1327
 ... Пропускаем участок: Рижские зори: участок 1328
 ... Пропускаем участок: Рижские зори: участок 1329
 ... Пропускаем участок: Рижские зори: участок 1330
 ... Пропускаем участок: Рижские зори: участок 1384
 ... Пропускаем участок: Рижские зори: участок 1385
 ... Пропускаем участок: Рижские зори: участок 1386
 ... Пропускаем участок: Рижские зори: участок 1387
 ... Пропускаем участок: Рижские зори: участок 1388
 ... Пропускаем участок: Рижские зори: участок 1389
 ... Пропускаем участок: Рижские зори: участок 1442
 ... Пропускаем участок: Рижские зори: участок 1443
 ... Пропускаем участок: Рижские зори: участок 1444

Обновляем поселок: Рижские зори
 - Участков продано: 221
 - Участков в продаже: 666
 - Стоимость участка min: 534000
 - Стоимость участка max: 2147090
 - Цена за сотку min: 89000
 - Цена за сотку max: 149000

Участки в фиде:
 - Свободно: 666
 - Продано: 221
 - Технический: 567

